13.61182208,-2.029134559
-21.6253021,4.53983385
-6.77732376,-2.427654624
-13.04373346,-1.84197172
7.323360535,-1.36741287
-11.65629543,-3.51368947
25.45551757,4.678981342
29.66852638,-0.547647298
-54.10845193,-10.7649637
-17.52534657,-4.780037987
-11.88117422,-2.479294307
18.92701066,-2.921266801
-103.6084885,14.09590439
-106.3238178,12.47496235
-58.91555538,6.551202701
-8.94237099,-1.898211593
19.5468472,-5.830156377
-9.160014419,-0.919140533
-15.63953352,9.917606846
-25.10045511,1.729855525
10.90317855,-3.662148381
-18.18034109,-11.10181079
5.597142339,6.460184163
24.35067204,0.356481353
37.57998844,-3.920397554
11.98835718,0.690851595
31.8386417,-1.089454199
-34.5552365,-6.468074667
8.316836868,8.094789821
-64.38947128,-15.12758645
-40.54896277,15.7926485
-2.455884764,-3.473581491
30.5011222,-4.43570922
33.89397336,-5.739619546
17.09216777,0.772696418
29.11593068,-2.668500456
-38.38476396,-12.41663004
0.603130369,1.218122958
33.78970215,-0.640753018
24.79117805,-1.617586668
37.36033976,-2.926135353
-16.00801688,-11.50891759
-66.8782957,-8.506222204
10.47772505,-1.727631157
36.38111621,-3.138139814
-47.1555064,-14.35369655
25.86722476,-6.532845554
32.80398316,-0.852945501
34.21145215,-2.590765793
-73.48115869,-1.783744708
-29.20496156,11.07047795
-0.153884519,9.275173339
38.55906137,-3.754986452
-69.01713767,19.71007669
-7.206015971,-0.471863256
2.319040918,-6.558553262
-5.681884301,1.876956995
-64.49113428,-10.02867674
12.42146033,-1.269147229
-6.349312412,-4.36369108
37.56402045,-3.878967968
8.73436317,-3.105722513
33.24765377,-2.789801407
-20.08274569,6.900035594
28.91562044,-1.729517582
19.58959655,3.375466914
-48.22246988,-9.511189717
-46.48287268,-8.105754226
4.825211051,-3.987582337
-37.88441086,3.982957595
6.242734974,-5.716451353
16.87393193,1.793516585
-31.52364464,-10.9210835
-72.82773316,-4.716600606
33.88052633,-5.731253829
-20.97726636,1.601415709
-26.62623948,-0.659571653
-4.064486661,-0.803780868
-14.25933022,-0.966480057
6.031525249,4.512138667
-87.9195359,-15.19965547
16.97457475,-3.340659487
-80.18874547,0.81312048
24.01810209,-2.804851694
-96.56346018,5.426538305
-84.77638216,-15.53169331
-42.64538543,16.35511655
-57.98360709,-11.54498684
24.99512963,-2.555973961
27.04612745,-7.253013815
38.33769526,-2.721920454
12.20646025,-0.313493461
-2.003721948,-5.478327276
25.9843023,-2.372465418
-16.87453076,-7.738176267
12.94556961,-8.311855436
-22.06911767,-2.735990568
-16.55027933,-4.553123901
-32.81394386,-5.096981057
-108.1841583,-2.258486832
0.705553405,-3.857417555
-58.64518122,-17.959706
-62.21995007,-15.67619092
-0.457902326,6.07514338
-14.14464554,-6.126391802
7.761838452,-3.331255839
20.33272853,-4.652452237
-8.501276981,-3.840152611
-42.46571827,-3.114517607
-39.88390206,-14.84007552
35.83261383,-5.32077319
13.6102651,-2.037912193
-54.93716645,-6.900267429
-44.50556558,1.5112626
32.9213834,-5.96575703
29.32841276,-3.656570038
-88.12459293,-5.002234924
-51.14208553,-10.05787417
20.1349879,5.570176353
18.06791175,0.994493454
-15.77583159,-3.404916115
-3.744069844,-6.896260273
2.436604711,-2.440919656
-56.58045331,-13.40097782
-59.9393552,-12.09417972
-18.12928564,7.468449473
28.99903157,-6.805177685
-95.38819312,-4.558337943
-47.1347392,-5.127738168
-38.90274827,-14.62736356
17.30214207,-0.16867072
4.827817048,-3.962866252
37.3661478,-2.925233047
-25.08540434,10.90803125
-52.86719697,-2.334053766
-83.0528339,-4.850740444
-81.86124082,-5.611915344
25.11024649,1.534171734
-38.677087,-6.367308215
28.14494075,-2.925794935
27.71778693,-0.981247545
15.25896222,4.472161457
-76.7663223,3.688797334
-76.55101974,2.714317797
-47.57356311,-12.44475076
-53.32060797,-9.580180195
4.5084087,2.102585515
3.848207921,-4.151724847
-15.56604186,-4.363868848
40.50854985,-3.287796461
30.31285759,-3.485263209
3.017866522,8.971218028
13.49487955,-6.145637754
-2.75558332,2.565244633
10.35563237,-5.803281539
28.13758053,-2.909283329
6.019274751,-4.753835203
-63.17804841,-6.694950925
4.71757773,1.136684522
-16.66380169,-8.685245497
-13.09042531,-10.96624944
-39.40717798,1.616616696
-19.26091784,-6.201245022
21.85219048,-2.260943175
-93.68709647,-21.57671034
-95.09293785,-19.8397017
-79.35931398,-12.28218424
-3.189719402,4.534883172
-77.32212353,-16.91196845
20.33192228,-4.64340842
-73.16385693,-7.843446025
-7.754770116,-2.625452585
20.25977884,0.372203205
-44.41509472,-12.67361873
16.33514293,-0.368392132
23.82988829,-1.869258924
-100.7988095,1.40045008
-2.11097614,-0.361435616
7.652623245,1.780247017
10.03579818,0.257870416
19.93581804,-2.787370706
-73.59301526,-5.893077012
-47.46595422,-8.320690735
29.14639161,-2.770783406
29.58252319,-4.668812506
-13.51574009,-9.028874061
33.48401075,-3.881257455
-20.30975267,7.892573107
6.992013323,-4.512614302
-74.5968842,-6.056855582
-1.448883538,-3.308947912
6.775631039,-3.553920895
4.064226012,-5.154369533
-96.60301644,-13.00146796
-12.61915767,5.491280966
-24.57239931,-5.32150138
38.33927894,-2.712453184
20.12620013,-3.685745561
-7.743925217,-2.649006714
-18.57515138,9.317937985
-35.71784921,3.44989244
24.78985336,-1.642791344
10.89952286,-3.61421928
-58.40991837,-9.616837825
-1.243433746,-4.285132698
-11.32985854,-0.374417114
11.54100658,-6.602092065
9.056660946,0.037623244
7.866408138,0.801625859
-12.43123368,-13.94538701
24.48723071,-4.83910079
-63.2785946,-1.565697191
23.63206467,-1.022651465
25.43087874,-4.534105852
-4.065539567,-0.796723113
-24.47205636,-10.43501964
9.165376351,-5.058954499
9.632886482,2.139106824
12.53893486,2.86545394
27.61597498,-5.151683276
-36.52012962,-16.14847522
-70.69108001,-14.46211582
35.41696288,-3.416298028
-8.094407366,-5.768909298
3.517419563,-7.333084365
13.95980995,1.076225935
1.368411832,2.425110273
-18.83187385,-8.142079613
12.85947749,-3.225967759
-3.613849826,6.446348955
21.77307498,-6.470304211
38.15523407,-1.834642061
-15.98503553,6.804339205
9.833876721,1.275121458
21.29601886,-4.411856854
25.87032729,-6.567551468
-16.2008274,7.800617944
-17.94313066,-2.897144373
9.922375822,-3.88630515
-48.46158182,0.706318108
35.41095326,-3.368611416
1.118097894,-5.802243377
29.34355284,-3.766470573
38.33079128,-2.718814623
-5.167007642,-5.143352473
-27.0311224,10.47191469
-4.015424974,8.323443038
-8.8156121,11.47233346
-2.9610171,3.522413491
-53.60592527,5.594346538
30.33885993,-3.532135096
-1.548237216,1.74368332
32.47748757,-3.992557446
-6.208582684,-0.380884517
21.7531234,-6.453087793
-24.75318353,4.810334091
19.13848255,-3.872076728
17.82943494,-7.230196418
15.23040968,-4.72761949
1.914624612,4.625649416
33.05532169,-1.921002982
19.25940426,0.229391883
27.60009714,-5.09127659
-41.28608716,-13.12282277
23.48689989,-5.038673481
-5.059785069,-10.23961509
34.2308997,-2.669911581
36.39900328,-3.216106238
17.95039267,-3.121332348
-56.57975665,-13.40528845
-50.60379692,-8.01366758
-89.10555589,-5.224498927
-26.71705147,4.46751405
-6.873569734,2.702511826
-48.61321957,10.84706685
-29.5242832,7.886570991
-12.93470041,2.338942207
-41.15425716,0.20798854
30.30989708,-3.478237243
-29.62430638,12.95376315
-2.502845964,-3.538096756
34.24155771,-2.665222545
35.41889827,-3.392982524
27.41280407,-4.239203766
33.04484615,-1.919198133
7.019959238,-4.524679532
-66.66806159,-9.480744787
2.786057728,0.702315482
8.428738224,2.992429381
27.19925247,-3.19154623
32.29401942,-3.028354979
-13.69495366,10.38875598
-53.4846866,0.512031929
18.30799243,-0.082114323
26.54378318,-0.315823634
30.55121154,-4.485686896
34.24124167,-2.680903283
16.66898175,-6.558351606
-20.94328366,20.06107065
12.32974601,3.89088721
33.2863003,-2.923627168
1.042471518,-0.741762813
19.47497328,-0.773008118
12.33714276,3.766320486
21.42802349,-0.342955577
28.90182387,-1.738172636
-30.92395812,0.367042609
-120.6441205,-1.342772088
14.28923014,4.324552406
-10.74106749,10.96403842
18.30404595,-0.009288709
24.59139942,-0.719964367
7.018040604,-4.617073431
-32.92645863,-9.226960749
-4.158719696,4.275814082
11.78244013,-7.645007963
33.27483231,-2.925568849
6.663178081,-7.748999658
27.18573636,-3.155008109
23.38579697,0.051250576
-27.27667239,-7.002564787
30.33635795,-3.474353561
-19.87180712,15.18350182
22.40113046,-0.116290797
-1.313894638,10.01271109
-23.71514002,-9.228616734
2.02414412,-9.823548972
33.26035737,-2.870737789
-0.778258032,2.922383294
24.46654021,-4.77431137
-14.56402921,5.072355196
20.45181632,-0.543814267
3.564711969,1.766337382
-8.500765574,5.375310596
10.68016251,-2.667984461
-2.640234883,6.663047068
4.5156784,2.090078116
-7.522019004,5.587517954
-2.099613276,-0.411576697
-39.31853546,-12.57942411
22.51123776,-5.235353796
-46.38366734,-13.22395877
23.50629361,-5.083983735
10.59792249,-6.834790011
-86.58408202,34.31091524
-1.437689497,-3.368047264
6.233808268,-5.730639182
7.78293374,5.908689741
-17.37526172,-0.758896218
7.014980373,-4.580630931
19.58038616,3.373073718
22.41676016,-0.114742123
19.91938518,-2.722169031
17.32972633,-0.269808898
32.2799758,-3.070919668
-4.252522732,9.289636217
-40.38849251,1.399569714
-31.92971338,0.188708461
-29.24158439,-7.368133005
29.32591544,-3.68594133
-75.11612865,-8.290568896
-88.37408654,-4.018706798
28.38982388,-3.936642849
-79.21690789,1.092477931
28.17517124,-3.007560681
-8.911451023,16.57307767
-23.75104167,14.29307101
-4.564328087,15.52118309
-12.62727077,-3.702125527
24.47930103,-4.804370643
-1.774001149,2.820807085
16.66021377,-6.510134616
17.96194407,-3.16369864
12.23863365,-0.395783644
-19.78922401,0.839391022
23.20735643,1.047745886
30.33711425,-3.574738448
-8.274472712,4.354047001
-19.52977281,18.30462164
26.42816557,-4.38085776
-1.152210736,-9.371271451
19.5997523,-5.943819354
21.3442515,-4.500503787
5.942839787,-8.993972956
28.28289105,1.173773358
21.74826144,-6.291269407
17.63179372,-6.301018038
-27.76652379,9.228986682
32.28593776,-3.054865422
21.3191665,-4.444005098
11.37278585,3.536963161
21.85847466,-2.289483924
11.13204246,4.610207947
26.64251261,-5.342775492
-20.75256477,0.667675737
29.35744757,-3.699679199
26.63188714,-5.324959186
-20.52651121,8.842181586
1.150957651,-5.899228624
23.72824023,3.253815872
29.333783,-3.703419858
22.64713522,-1.112679682
-82.17038878,-8.815912053
33.4767063,-3.893588042
21.64798516,-1.332698076
-5.10991009,4.042921054
30.12970239,-2.455591196
27.40193184,-4.205552127
-5.420476282,19.33890737
0.091239829,-1.023795426
-6.954643019,7.748336781
-22.57068668,4.230809977
34.45347494,-3.622860251
23.61151737,-0.924194141
20.77683073,-6.632892004
32.27674222,-3.076520454
28.38723146,-3.943106905
17.62633927,-6.296150495
25.3358672,-4.558443752
31.30763518,-3.262295857
30.32733473,-3.539508301
30.11226522,-2.563297694
24.47971019,-4.764830643
31.30809665,-3.308562729
34.45357389,-3.639940341
-23.74888191,14.23506203
21.64969309,-1.312422487
-10.65603705,5.908899416
22.2171185,0.900986958
20.04711106,1.455488688
-34.85241235,-0.415044002
-45.74506622,2.394324962
32.50366966,-4.062820066
9.060110645,0.024368596
-70.41043395,12.25096264
-33.21213198,15.28664373
24.48022335,-4.806530181
26.43343771,-4.377988058
21.66776108,-1.299078941
27.40939624,-4.16076144
35.21328316,-2.475704455
-16.93909348,6.547237842
2.282278577,7.651953578
3.110031296,3.74759801
-1.877101308,-1.418706698
33.27086827,-2.857437678
-105.6167943,-4.746677957
34.45930661,-3.65142278
32.48842795,-4.096238916
15.59317532,-1.639237835
-62.71461901,9.847467246
13.73943965,2.050405743
3.746065759,0.907426152
-90.80264143,11.8131245
-97.65372312,1.061873829
-69.03718871,-7.986725377
-8.800120202,11.40147652
-40.91622,8.518730387
-11.41744562,13.92985701
15.6738792,-6.749156024
21.63589403,-10.52393537
5.609946817,-2.856475014
13.76602565,2.076910149
15.14723767,0.308185324
35.42022912,-3.367085134
13.9431924,-8.168102483
31.5106499,-4.275371789
-1.018328762,3.92989971
31.49024923,-4.235418267
28.5860862,-4.910745626
-5.989906985,-1.293020173
33.27473318,-2.991797673
-62.50284779,8.804107307
19.68642628,-1.715666434
27.40421041,-4.163775461
-23.97789536,5.970445668
23.48497076,-5.011227156
22.82629533,-2.030875302
2.233031537,-1.498003849
3.210909356,-1.285828386
-51.44655748,5.218003411
24.60785085,-0.784019867
30.44141408,0.6171663
24.60842701,-0.786190738
2.027221391,-9.77130767
29.58661276,-4.745324835
-74.56817483,-6.133375733
-67.05650963,10.87733586
-14.78941044,6.054523884
33.45602503,-3.832911319
28.59032894,-4.907483048
4.085293049,4.120777894
10.92025479,-3.711453476
19.70479163,-1.760779194
0.289249146,-1.961648005
-31.27905125,-2.762566437
-1.7387915,11.89512208
34.23284034,-2.653748394
-63.08475021,-11.78194558
-61.8919665,-12.53846753
6.265842881,3.44991521
34.45977242,-3.689496378
33.47710748,-3.897254645
26.55145939,-0.304327064
-40.53430748,29.98445133
10.34935118,-5.817695372
-0.135598322,-0.00487332
-54.29878317,-9.820677205
-3.716758087,2.458892284
35.4269913,-3.413946705
-28.57088633,-1.113174088
-101.2584047,-15.00217919
5.251866667,-5.972030388
7.767942783,5.889449788
-63.75458214,0.380147931
24.47958868,-4.871452701
30.55636926,-4.537250509
18.81565091,-7.04484143
25.35652406,0.434350746
25.22069451,-3.578322262
12.44838624,-1.400557978
34.21295028,-2.614853273
-15.35764565,-5.357897762
24.45052556,-4.77974407
27.50664185,0.013028031
-7.187562699,8.733359631
-16.66424037,-8.727820338
7.874351727,0.877689598
-11.85730336,6.660051383
32.50646556,-4.140334487
16.98951098,5.887993492
18.71997796,-1.944511585
-53.54047345,-17.87317061
-26.16436853,6.566489223
18.84948529,2.106128421
31.7400046,-5.28052931
32.28303763,-3.125090429
-63.63954815,-13.93699962
-55.39779109,-14.16675216
16.01054221,-3.608061268
0.732249795,5.399655623
-12.00352922,2.612382232
33.45976801,-3.83481871
17.40354524,-5.317017586
-37.15295969,-4.001828599
29.56152879,-4.722152788
2.672091444,5.813489133
-37.15151112,-13.23857859
-60.31566416,17.50457043
11.80592951,10.84975671
-100.8134112,-7.830624974
-99.07519131,-6.422515619
25.21837082,-3.563330182
-11.84466644,6.671396156
6.688421266,1.507853046
-21.73125837,0.377477314
37.33605911,-2.921161628
28.34882946,-3.880086448
34.44612499,-3.581436848
19.69828612,-1.714305987
-100.5535342,-13.78481468
16.22783879,-4.597705341
-109.6884759,-4.647355039
-24.84497719,0.668400205
17.96966232,-3.125665398
19.35812519,-4.883439278
-6.872702718,2.623893422
3.256521888,7.875807423
28.57776462,-4.870845855
35.39795377,-3.330387301
4.939631989,0.145188848
20.88021855,-2.470523899
35.43087394,-3.419482848
-6.747473465,-2.517909356
-3.057827047,8.587189258
32.27116561,-3.059311744
33.26130367,-2.91340865
15.7034203,2.48682753
-1.219932773,14.17482719
35.41601625,-3.38865694
31.08938499,-2.353700512
16.34016101,-0.437381651
16.33329083,-0.42576671
-45.45277674,19.7558973
-2.962098101,3.464641928
6.923564465,0.449037845
17.4254924,3.925977002
-14.33500927,13.29261964
33.46722055,-3.786438299
-106.7694386,-4.029899929
7.319553153,-1.365881267
9.277581727,-0.965489517
39.53457481,-3.494413319
31.5078534,-4.247071378
34.42230337,-3.556924379
-44.2110111,-13.77322122
-14.80312056,-3.203288342
-74.47122605,-11.22425867
-78.04518583,-8.94118701
2.355747074,2.751598407
23.0424818,-3.011244942
-24.99868503,-3.40262952
29.58311193,-4.737230308
-42.33184722,0.942577107
24.77979944,-1.606297444
-37.58400257,-2.041210445
34.66194164,-4.596356038
-5.942946559,-6.328549163
28.47562835,0.237507486
9.605407893,2.226864666
12.64749985,-2.219213626
14.17788247,0.094554323
-37.34961491,-3.078838106
-63.63218008,-13.95034439
14.15516166,0.11535364
0.155734753,-6.028595414
-30.51815113,-1.561690329
13.17270632,-0.072497831
-1.251639546,-4.272276204
25.55147119,-0.443823001
1.56240092,1.479202861
-61.86008833,5.882995128
-0.921102729,-1.127893857
-82.58548283,2.383901427
36.38856789,-3.127232255
35.4162052,-3.386831457
-2.533432166,1.591222981
37.57310107,-3.89341995
-13.25997876,8.503595607
10.47715617,-1.741694654
34.65789713,-4.558098002
28.47384695,0.225694447
-24.57957171,-5.307065482
9.159559681,-5.064746512
25.33072848,0.545746595
-11.54622116,0.603276413
-58.40059294,-0.522793759
7.989641619,4.886033363
30.97477524,2.837895865
-92.57420419,-8.050784034
29.65983688,-0.523805134
-54.80550538,-2.852084654
-53.95065494,-6.753623327
19.25439141,0.242020057
-9.066268529,-6.020894665
-20.66413384,-4.484214524
16.32491531,-0.399555137
6.459968684,2.523278455
-20.43657546,3.77773505
14.92128097,1.31330849
-1.437760488,5.922793183
13.73297595,2.140575212
16.76062827,-2.369545634
-43.85017865,7.802811812
-54.3109981,-19.06391049
13.93707857,-8.141104294
28.91856937,-1.755188709
3.849670115,-4.212204662
-0.272533697,-4.097478695
-25.66440972,-9.682938343
-49.32125033,-13.83885661
-47.77847482,-2.229134337
16.42931909,-5.512385001
-95.40291725,-13.79903366
-96.37802028,-14.01652556
6.001496124,-13.95256039
4.80990745,-13.19139742
32.04340604,-2.046088478
1.122327622,-10.38436536
30.31062037,-3.444021958
14.47249945,-5.931945643
-45.18198695,-4.724930737
2.651832126,-3.409848192
11.10591437,-4.598674641
-50.14965114,-0.744479863
-38.13043609,-4.196092504
-12.74257481,-7.888370472
-11.52816405,0.572654037
-71.54550884,-10.57207581
-34.77057255,-5.512225934
-83.14435098,-9.032456896
-39.43899549,-7.556635601
34.9845951,-1.401264567
22.31738779,-4.227675428
-10.89869306,-11.58744733
-18.47596331,4.185679997
3.671647217,5.988961607
34.43917021,-3.603805403
-61.89527468,-3.287741251
30.85754451,-1.313935314
-37.80083821,-10.18386459
1.24646442,-1.682939488
30.7442809,-5.433775445
38.57730029,-3.668338224
38.57966889,-3.678828941
36.59940582,-4.134779511
33.67111542,-4.76534936
34.64895583,-4.541016298
24.27163405,-3.879727333
7.794181235,5.844436012
41.4924534,-3.015848919
5.090923039,4.191854126
18.17375958,-4.129192341
18.7657569,7.245951034
-1.239090501,4.945026516
-10.37066041,-9.387614026
25.75992011,-1.388324407
4.739308571,1.253976395
10.79639962,1.46738021
32.26159391,-3.016962269
9.821730503,1.259291867
40.51508055,-3.248889804
-2.055244683,18.09886764
22.30290765,5.060762274
39.32111392,-2.488521775
-4.982255974,17.35272231
-8.335875385,18.634261
23.28868168,5.184639342
-10.33258424,9.066057266
-56.20808838,8.231967647
19.93112737,-2.72616066
20.98749975,1.684237167
14.07522645,-4.021353192
14.38325958,8.413420095
-24.51385005,13.06548526
-42.59923069,-16.45002692
2.597639654,10.85468207
15.89392084,1.571614395
8.518241443,-2.12183593
15.34914593,-0.596803384
25.77181899,-1.442054082
-75.54796035,-6.318263641
-13.32292244,22.71956874
33.36911063,1.327176352
-0.145804911,0.068482445
14.30886597,4.179861964
22.52619056,4.064344272
-37.05819189,-9.083211201
-39.97696466,-9.674417495
23.26161236,-3.984053589
-36.50883233,-6.913704553
-38.24763732,-8.319677054
22.95297302,2.115703617
24.90834299,2.540812363
1.392447918,11.67249281
0.537978511,15.58832439
-3.474655953,19.82245736
-3.71294949,11.56690648
38.14743006,-1.763483203
38.155447,-1.78039073
32.06641065,-2.055706572
34.00857166,-1.603280122
-24.65781183,8.978144616
-40.63133097,-6.800419719
26.53780064,-0.244165658
8.561994291,16.32935323
20.79229797,2.640136802
17.95911943,-3.136477694
20.12793158,-3.686697536
-11.71159803,10.78010278
-20.19652168,12.06128973
-52.46310413,-4.348156386
-8.049088786,12.66279823
-38.24520889,-8.320851159
29.46612385,0.374639751
-40.41183541,-7.773684407
1.385818454,11.6818333
3.554628142,1.919022004
37.15091926,-1.954694283
8.963373172,-4.076204758
13.51837989,3.089530507
29.20898846,1.462807597
-66.34497903,-15.57840317
-29.56650809,-10.48607238
39.1045666,-1.47350091
-17.69551238,14.63950376
36.95138408,-0.959376624
37.81346736,-4.872493509
39.70783671,-4.447974248
40.53258226,-3.284244757
38.77737339,-4.670200671
42.69631764,-3.807072932
-12.8687754,-11.88930531
-0.410569099,10.30143663
-34.83416558,8.795644596
-3.890652485,21.76026672
24.58544641,-0.671182985
18.84143794,2.190321688
-37.39384219,29.72181167
-33.27668452,29.57882808
-26.42387498,-10.87146984
28.48836482,0.234984069
23.04858674,-2.988253886
9.277472009,-0.930619365
-21.50633426,8.657708576
-25.19572464,-2.386440669
22.53640763,-5.280135488
3.233868,8.022790395
36.94121727,-0.933848752
22.00077337,1.854460333
30.65299668,-0.323215923
-4.381940312,-3.996188526
3.097621223,-5.418486077
23.38498311,0.147792587
28.17004585,-2.9607726
23.39270092,0.106205808
36.19440824,-2.155749951
26.54802495,-0.206907557
38.13802242,-1.739837037
39.34793229,-2.532589113
37.16073074,-1.925293059
24.79679705,-1.626267927
38.35914217,-2.732948158
-3.181528463,-4.731236448
8.651601196,11.2585936
15.35646264,-0.62710838
8.217892567,3.943554112
30.09646368,-2.490089212
32.25903605,-3.019559804
18.53120722,8.257005858
-2.843559493,7.655890508
38.14565067,-1.747123198
-66.11125524,-7.332061351
-1.953761202,12.96833254
26.18364913,-3.322302977
38.15108254,-1.793135041
35.22038969,-2.420414681
36.18743759,-2.185401616
34.97292956,-1.392789491
-28.66047428,13.23270631
-73.69622222,-0.809690054
18.92127015,-2.863921932
42.71335269,-3.911263316
30.87506968,-1.323784473
19.05677414,1.174871373
-30.12450304,29.33016666
36.94415935,-0.959818913
41.72981392,-4.059240995
-26.70392904,13.66289719
18.73032105,7.277923234
25.68799256,3.663723633
-23.8938353,10.18997556
-3.175194856,13.7432211
-41.04609013,-4.912107878
5.061217237,4.278934885
37.80254901,-4.802598787
38.56434959,-3.742824843
35.97543271,-1.131981254
36.18296233,-2.149998159
-3.358691495,14.65990002
20.04136309,1.424860311
40.5271659,-3.210421671
-0.557961541,11.21798493
22.20987908,0.878487669
23.17429849,1.108747097
-10.10585926,8.074126702
35.98538375,-1.195729377
28.05916904,2.154111991
15.56880056,-1.598062791
14.18266834,9.359292817
41.71320312,-4.020145092
19.83100859,2.365840829
19.28355529,0.251042627
-64.97057164,6.274712449
24.57393623,-0.616951864
40.75713289,-4.296107211
39.53390124,-3.461183674
39.76632863,-4.437570506
29.03108387,2.396564022
3.538935294,1.884100475
11.03800417,0.504056454
-7.615195039,10.74991964
-26.04327729,19.96234742
33.58324802,0.357124638
32.60692919,0.12908646
34.42021421,-3.588640505
19.80389724,2.419657891
-0.914130919,-1.162387821
31.5226564,-4.270917859
9.426418516,12.44097719
-9.808591816,2.02316133
2.782782437,9.952921478
6.596100453,6.650443246
14.49239625,3.294680725
20.99530629,1.659104548
7.189161945,3.734871244
-5.155523149,-5.071816613
5.203985295,17.6487607
-1.849995665,17.09490705
-6.424322216,9.954968093
34.88539622,-5.559495896
31.30913867,-3.277017548
1.803406204,0.455169542
20.68917264,7.807960901
27.7374067,-0.941825733
-27.08677129,-17.15732308
38.77862229,-4.664028717
-44.74685237,2.522097498
-8.026939644,12.62544679
40.75029973,-4.333451366
32.08087492,-2.0574403
33.25798118,-2.809604747
31.316213,-3.280217684
38.35865855,-2.708557781
28.36148881,-3.893223687
21.00605996,1.707780166
38.79777004,-4.736964079
-7.616293905,10.70523295
8.987211631,5.115601951
-47.16404356,4.066088481
-31.15681223,10.63532228
9.61252834,2.214573001
-25.91137906,24.04060874
40.7489327,-4.274269694
40.70316017,-4.232514129
-230.3892856,-28.57851613
40.75884571,-4.279879148
-241.1310693,-30.94422413
-25.84406704,9.758077773
-15.29686982,13.10527483
-21.92219523,19.84405088
39.74393681,-4.44309881
16.0298809,5.67766741
4.441024483,7.11586537
-32.08525824,19.60720124
28.92040319,-1.714514896
31.41535958,0.904873129
16.56677125,-1.384965095
30.61848132,-0.273101815
28.37248111,-3.926285669
30.53667806,-4.475019951
32.50223419,-3.984511886
9.10216979,9.276163261
21.77116969,2.872518817
16.0187386,5.717894524
21.3463363,4.817753715
-1.451352175,-3.22993245
30.66698609,-0.302455791
23.61652177,-0.859071524
35.61761054,-4.354989619
-21.050825,6.653963158
34.23090153,-2.622543885
-9.468741109,5.255462473
13.72745106,-7.115992482
38.78067185,-4.711237425
-35.18459586,5.772183332
25.45194322,4.709627276
22.75477581,3.113138613
33.03438107,-1.755810234
30.88070925,-1.258393328
17.33606524,9.082266665
11.16457992,13.86913084
17.23506513,4.856157721
35.84595059,-5.271028434
20.03980435,1.42358182
37.8124556,-4.800135023
-7.1919751,8.801470013
-43.74075569,2.692741115
-24.32512874,2.872912264
38.35527603,-2.748324239
-94.91653943,21.18893042
8.229248718,4.003583663
29.43310233,0.481563682
33.26520931,-2.815052365
-4.356407948,5.289670335
35.22395316,-2.431620377
-48.86695779,2.639642957
-38.23842219,-8.347575854
-35.06156624,9.77231945
-25.30505582,2.711929787
36.17722014,-2.137520454
26.21048702,5.880449099
-26.70373356,13.67201692
-7.283903484,13.83910016
27.38770319,-4.118286832
34.21389778,-2.613781442
26.75303655,-1.163308133
37.1788382,-1.984045912
36.62098861,-4.096639836
-22.60998374,-4.815470597
10.14117344,-4.856011182
8.437731877,2.944274634
-23.08853498,29.85497778
-46.40912706,19.55836232
-52.88212231,-11.45632756
-8.28779174,4.44404302
10.70524435,-2.715363817
28.38499627,-3.944680507
26.10895714,1.720310528
28.06378299,2.183902759
26.53642417,-0.238018277
8.851516096,0.989523487
-10.89886141,-11.56999784
-3.910869088,12.55972829
4.496747067,-7.048652108
34.44470036,-3.55867105
36.40591452,-3.180874845
0.625823775,10.49163483
32.51070018,-4.024177556
-19.882985,5.943280114
-18.75221329,28.766393
-1.686882366,6.951142953
37.16359348,-1.908129754
-30.64431276,-5.565728384
0.928241026,-4.817968664
37.39154521,-2.966222599
-12.35206103,22.91346401
-13.83147512,-2.945223271
-69.38854008,-20.27292223
9.818205456,-7.941577207
36.1371325,-2.09571314
29.56017715,-4.689960213
28.36719758,-3.881675902
36.17165196,-2.137802903
6.790337882,-3.484475988
36.17107579,-2.135632032
-16.54517347,-4.567805766
-10.02778582,3.028816902
-47.56029541,-3.227213473
39.53798268,-3.490127503
-30.08835412,-3.45238672
38.35379882,-2.711059812
36.1938449,-2.173314536
-32.15103643,10.37633265
1.058633282,8.538674859
-6.741685302,6.74232364
22.73620319,3.101979036
32.81260809,-0.843778109
-7.314793577,4.639570033
35.4292102,-3.403672884
39.12307628,-1.582013963
16.57805985,7.828804951
-30.11413802,-12.69344837
-32.30930026,20.62662331
24.03488894,-2.808353502
-4.99946382,8.179956298
2.591175669,1.63003784
-44.82563079,7.607277388
24.8165456,-1.645943029
27.95936097,-2.046205352
-29.87960179,-4.480604221
-1.566205534,11.01298797
26.96149491,-2.194523036
-40.61012282,-6.69801937
-19.35733279,-1.103909918
-10.67364203,-3.254478116
-49.02509467,22.06165573
11.02662946,0.407544022
29.25490006,1.467841761
-62.54138409,-23.79225266
31.07691279,-2.287943269
23.16250268,1.087500329
27.27469159,1.04615225
-17.15306644,16.77869814
-20.30500531,7.854583848
6.919560029,0.589840413
-36.95069259,-14.20534518
-122.6450679,30.51852841
12.75974751,1.890924484
-0.914281873,-1.128970457
9.299135041,8.315330987
7.891498788,10.04633044
-15.21812147,8.002929686
34.21940273,-2.597428419
35.20177775,-2.405721032
10.71202174,6.554283004
-1.333229721,10.08678839
-18.66000772,23.61132396
-20.79677383,-8.536812119
13.73090606,2.134585061
-9.58561519,1.018382253
22.09154339,6.028589604
-22.57195278,13.49672767
20.99736847,1.62997214
-6.191838768,8.96783228
10.5850911,2.440648791
27.85687837,3.112688242
-5.142760608,4.089413519
-41.77936179,3.27567441
-14.98417946,7.140793576
-18.46248132,4.243353926
0.839190875,9.546284841
-1.100945587,18.2686721
10.38109856,3.415127206
-32.71425972,-10.1960546
38.7571134,-4.645904749
38.76862296,-4.664924091
39.77500217,-4.486673534
-9.5698275,10.28591894
25.77231424,-1.390355638
-21.85070681,-3.71362197
10.1578756,4.405980167
-0.98802726,3.889920221
15.26464089,4.524984375
41.72049446,-3.991653983
-62.55790523,-9.557194131
36.18255527,-2.160824162
-14.77579314,6.050750097
18.83334829,2.268432088
36.1732508,-2.177456032
-37.49308477,27.69326649
17.64953806,2.994539417
29.2493235,1.486766427
18.61693868,3.260488137
-10.77332873,1.858954072
33.6914895,-4.787443308
-23.22980994,7.266191168
-21.74431302,0.413427617
-41.91323808,-0.949271741
-44.4029125,-3.58805375
17.62593153,2.996754175
-18.14814484,7.356513954
20.24117428,0.525101542
6.141538145,-0.605366523
-18.59685611,0.110190382
-23.36402911,3.155291499
-43.33819741,-8.427808079
0.833291564,0.357562419
7.019856413,-4.529635219
-17.18052477,-1.693039198
-39.32349923,-12.70479556
0.8309869,0.366245902
29.69035684,-0.550718156
-9.024622114,3.20118823
12.1120067,4.835481789
9.270539145,-0.919763894
-43.33955737,-8.425025095
-22.92943654,10.39320842
23.4852696,-4.994056609
-0.266058401,-4.098388976
37.5793604,-3.903612452
6.044973652,4.55563679
20.56046963,3.625802678
16.1208796,0.581093224
15.260519,4.482360116
27.95696787,-2.012038433
19.69276234,-1.720090998
35.41363034,-3.312155959
35.95597115,-1.197965855
4.624752666,6.262542698
-28.97669643,10.05738388
2.55042747,-7.49858789
-9.486277636,-4.038849756
20.33087775,-4.629338938
16.85335253,-7.41905111
20.97451402,-7.535066935
-22.0485181,6.522826257
-57.7312549,24.24791897
20.57865531,-5.706193504
9.722841252,-2.906609848
-6.343919652,-4.386030928
-14.70224726,-8.274651654
16.77146073,-2.321466342
6.015171691,-4.73265455
3.088732378,-5.365266453
-55.28949239,-19.2240986
-26.52016643,-5.758825083
40.51150528,-3.241218915
-17.84472768,-7.969802836
34.43812067,-3.55254176
-45.05806714,8.594245363
17.42391909,3.942087117
-51.2676851,-14.26023544
17.41413826,-5.302138055
-28.02702464,1.173111748
19.6874435,-1.703661595
12.63960163,-2.223430699
23.90462393,-6.912747906
-58.72728915,-3.637572232
-37.15044296,-3.990373325
-41.14769429,9.444554473
25.00089517,-2.590422883
-0.208478712,-9.112444523
-66.96178825,5.836599776
13.73770653,2.168142091
15.88883078,-7.660277021
36.39152961,-3.146637791
-12.51385918,0.401937691
-27.93705252,5.229919853
36.82617133,-5.133613858
37.58821155,-3.944467135
-56.03347909,-11.21773707
19.04149103,1.2351333
23.59994432,-0.824788421
-95.60336744,-3.568172255
24.46954039,-4.728074668
35.84377061,-5.311203412
1.684927814,-3.625876489
12.12001048,4.825219807
25.96405363,-2.359457902
-12.15653154,22.03097896
-10.0820546,17.34276202
32.49260309,-3.963271188
28.90314288,-1.691111703
-40.29407305,-12.92691664
33.90011214,-5.806706565
29.87695446,-1.49144358
8.544276234,7.130985912
29.98762871,-6.618143358
-87.578022,-2.818981814
-12.61762718,5.496438679
-12.90763296,20.82651941
15.88504888,1.598223805
25.00936141,-2.611797982
-14.33791493,4.125474067
25.4372939,-4.521453605
-10.32326127,9.088018814
-24.40709257,17.24937667
-0.580939503,2.022082312
-25.87648521,-8.67665306
37.80171761,-4.827607704
22.39859411,-0.055705932
-55.51514271,27.79737952
-44.50340386,1.474798761
7.853290577,0.849401019
40.72740794,-4.22675185
-47.3198605,5.048642566
18.6214598,3.197232705
-50.63211729,-7.968353243
16.01222756,5.681216744
25.9890941,-2.33466193
-47.3196365,5.049120441
-50.63189329,-7.967875368
6.361976458,7.651264692
-12.15648114,21.99544995
17.64492741,2.982199695
30.86448694,-1.284817221
-10.52454993,19.3158521
-39.6336047,2.611417288
25.24613799,-3.640986576
30.65012726,-0.286177382
-45.90339855,12.54647979
27.94317452,-1.954361764
33.04738361,-1.824082302
-20.63270545,14.01018072
35.1896749,-2.358292411
15.89619517,1.573456567
8.086454595,-0.143077834
-9.888527261,16.35413102
-10.21823371,13.20482423
13.84769006,6.249835354
-2.972003986,3.536963275
24.04312896,-2.863885355
31.83694465,-1.017964689
1.272606454,7.556909759
2.228898074,-1.415869726
-41.30498377,23.75583968
-41.15893863,-8.869356576
-41.15871463,-8.868878701
34.83564686,-5.50388697
25.54893132,-0.421027823
35.19181888,-2.345986019
39.7486378,-4.446104877
36.1867111,-2.178120659
37.58309006,-3.881792029
23.04378548,-3.009194671
24.78462544,-1.590015494
30.64286413,-0.277723139
35.41405585,-3.302390252
37.57821976,-3.869345931
29.90071003,-1.468461994
30.32424187,-3.407856378
-99.31271207,-14.62001423
18.61310477,3.194680463
18.61647541,3.192258542
32.05749137,-2.02048252
34.98060919,-1.378956554
32.81608029,-0.873651473
-17.85193654,1.280917173
-12.64009891,-3.706693045
34.21663426,-2.557834768
36.39651093,-3.128276795
36.17116225,-2.15624015
34.2227382,-2.575766849
21.11483848,5.787346144
28.15857145,-2.910736503
-3.291664974,9.630929269
18.72627351,7.299065648
30.21123925,1.664155846
-17.94847255,-2.802372719
-17.7577352,-3.797533981
-17.7576232,-3.797295044
-12.40826307,4.571402247
-0.024600003,13.42525279
28.14832244,-2.907448115
19.79736242,2.436484751
24.77852928,-1.610633989
-16.62313125,9.763343567
-1.453591789,5.952847614
12.10272327,4.824594599
8.195707651,3.961106299
22.52608046,4.051678513
-12.94685758,2.355993031
-10.63069195,24.38128747
23.82599541,7.396343245
-39.7300702,7.699211584
18.07110351,1.050853284
11.77229395,1.674527682
0.072794374,8.33779872
14.59967276,7.457088525
20.56947478,3.662384507
-16.72134791,14.84334383
15.55255694,-1.530046882
-2.748902573,2.577513777
5.83945539,14.71627765
27.6400486,4.059405025
28.05914573,2.177510977
18.39587382,4.170343225
20.13588697,5.569143514
21.22323592,0.728904296
-3.705434629,2.26989599
22.10089094,6.006248662
20.12933483,5.558302508
18.93707063,6.318034102
-10.44322589,14.22956095
17.96246317,6.098000952
23.4953802,4.283748895
22.52383314,4.050410205
27.06437171,1.983424983
-77.35657941,34.27504432
-85.40773657,-3.368331444
27.07077186,1.97174458
2.579604269,10.93034878
-6.755066544,6.831503386
2.787445449,9.921498257
12.7587883,1.931871097
10.92663364,5.630697001
21.54357848,3.858907816
-59.90899796,6.349347576
-2.864132528,-1.488212208
-45.70762814,-2.682260706
27.08228545,1.990072439
17.43432535,3.931626928
20.00132225,1.504452383
26.86310195,2.973476777
12.77653011,11.14458537
21.86691807,-2.223680137
20.02101822,1.495757813
-53.40808844,4.739432801
10.82261003,10.70985382
-2.418060532,5.734993968
-16.71443492,14.8605622
17.96719278,6.150753297
-57.72163173,5.854876539
-34.25684744,5.904268955
9.418487924,12.45373694
20.35359343,4.646778366
3.882644241,14.30111455
6.046758304,13.72085633
-0.670146378,16.36314923
-9.009879671,21.70897372
-0.673903042,16.36563415
4.283069476,3.143971862
