-34.93552228,1.28626421
10.71540733,-18.85295876
39.99860818,5.873005917
-50.31065934,-1.177492276
2.408461674,-4.397632813
9.944901417,-4.569334179
78.03060846,-3.549453964
31.9710542,-9.876074938
65.14907742,-1.901900858
-8.786651234,11.04918135
-35.73590203,-3.127310517
26.33383891,-0.06802888
38.33223628,5.275269189
61.7558262,10.65592083
-27.61272155,-26.25378694
4.223069336,0.255020131
61.75694116,10.66369181
38.26876663,-6.090220807
13.25833349,9.826612707
-26.86833177,-17.75646221
0.57228604,-19.56601679
-109.5491261,-8.048503568
-8.265587846,-2.304675442
-3.003511303,-3.765149847
9.973159694,-15.96445223
22.026961,8.090784431
-0.897054755,-15.59468296
94.49481096,-3.204706206
37.0752385,5.986905987
17.47404944,13.08983679
-37.27904591,-23.3321042
17.5814536,-9.715623977
-8.726700351,-12.67244449
-1.339993236,2.708207504
-14.57640962,6.78156511
-27.26808956,21.55338007
-26.32266957,21.82296224
-20.21006672,-12.65776623
-13.54540233,-5.810595169
-15.47283131,-6.339109335
-29.31004068,-4.949741633
-73.60425066,8.926497957
-74.30491848,7.698302793
-11.51599303,-6.196095045
-33.23927464,-13.26773262
11.89069911,7.366580254
57.09686906,1.089469454
27.31275022,11.5871605
4.430261571,4.275471395
-50.05341135,-19.950463
-73.85799932,-17.89603593
-13.70553058,12.06511945
59.73102082,6.044434151
23.08427813,15.60473467
15.01862184,-1.010895866
-8.348762499,-20.97948478
15.89887079,0.1731807
18.34810763,-1.229056036
14.82459134,-4.117285473
-47.35586037,34.67573638
41.1902406,6.08438878
34.50415095,-4.867202361
-106.4428684,-15.518374
-101.6491408,-11.70591797
-60.38629837,-20.60640714
69.86839497,-7.88168858
49.6557763,9.421540875
69.89027365,3.555806252
35.17332484,0.462250703
34.71322493,-4.932329204
22.82319124,5.182171413
-32.43989587,8.061072292
-28.99966394,4.592153521
-69.22369029,-11.54671584
-22.44342224,13.79146924
-19.02653406,12.65397063
-23.63369871,14.47976109
-71.73520388,15.89117401
-23.63371785,14.47958955
-109.9360158,1.136896592
-1.785197037,11.93244821
-2.052730118,12.89835062
-14.41504716,12.6121176
-106.478383,-0.902249718
-23.9370198,-15.51485857
60.60020285,-4.188165501
60.16064991,-15.47281266
-57.64534397,2.127482887
-31.7097975,21.56197342
-31.38269091,12.4016331
-34.58879656,0.292061737
27.03136752,6.676631963
-39.6489382,15.42841411
-48.31115601,-11.18473413
-32.62981931,21.28434219
-116.7557749,-21.1644856
-64.73338785,16.76615852
-10.92675162,-9.031136304
40.24724427,-16.98262303
-2.832654395,-11.10720078
55.50326607,-4.51720831
-62.80442521,5.892929504
52.06094078,-0.164485065
-2.923575552,6.702739166
6.970116346,-2.127201929
-2.93622821,-22.50454714
-21.17331237,-0.635377431
-12.73017592,25.49970598
12.31713497,-2.730354232
-66.91611822,-4.704979072
-43.29181492,0.602918821
-47.84251534,-1.681825494
84.44294076,-5.679873225
-106.6867148,-4.044900544
-52.31538434,-2.562118505
-68.78983262,2.045180176
-43.10737125,-2.11692873
15.56018837,5.248949488
-21.06928608,8.95068382
41.20045831,6.081312063
60.7484878,-1.013825738
62.11929489,1.454335075
28.52687153,10.87409635
39.76226255,-0.4850271
52.76450397,-2.161805267
22.0523755,8.078022024
-34.2145621,9.270749031
44.00984201,-8.608643013
59.40371643,-0.255441586
23.65102815,-5.922837522
-17.242448,6.822587246
-4.135500422,22.90447962
37.37056712,16.4094962
64.93633857,-5.941818082
-62.40053884,-3.306732254
12.15318229,6.421597212
15.65877805,12.56772839
-19.31477585,-13.25361222
55.87434452,-6.402110749
-73.30444415,10.27466261
-48.41836573,25.37319194
-58.82150065,-11.80506453
40.58727753,0.750840996
-9.510868271,-17.98448026
33.90759968,-21.64055296
5.849290276,-4.639850732
44.6383122,-6.471064539
44.23958421,-20.06864603
8.061912878,-1.874952759
-34.51705989,-11.11283644
-17.30773242,10.94582403
73.84167415,3.703717277
-37.72687787,12.7603449
35.16684695,-17.35276009
-38.96705227,-4.366516511
-36.33788082,-2.610280314
-50.77699201,13.00588052
-32.89373368,4.99096634
-94.54482003,4.483207945
-93.48901997,4.715622041
-97.86956986,5.589267511
-31.60409702,6.04466211
15.77972309,11.63048232
29.66132364,-1.166544991
-75.29022768,-0.756948207
-76.51699579,-0.057300278
15.43721959,-2.877185075
12.04269741,2.330365943
-52.64111217,27.07623147
-51.93588311,28.30295684
-54.56839598,26.54869753
-79.11328853,-1.825069356
-69.1940844,-1.042801977
-62.40410002,4.010301493
-100.2884229,-8.511265246
1.68265242,4.918991415
22.25282331,7.131344402
-18.13793758,5.644287733
9.875909614,5.964331657
16.63625165,-10.92504835
63.43335048,-3.373186465
-28.23790071,-20.2054249
72.55877908,-3.769167189
25.45847838,6.941867978
15.71456626,0.23109214
31.24006747,8.529699102
-19.686469,15.52672693
-28.50316638,2.679013821
-35.83426466,16.51348803
-25.08625858,1.541612382
-33.19329049,-10.97759577
-5.81353482,-3.710464468
-1.462596456,-4.560157586
-9.135643762,2.050608863
-61.94715162,-10.73886174
-138.2725416,-5.516697044
-2.453937929,-9.809511549
-55.62637733,-11.99024308
-72.01126012,-5.074323515
-60.3989707,4.506087242
-86.09655072,-3.589208382
15.46924614,9.387311299
-19.61924304,-12.2692231
-61.68844896,-2.083429619
48.54818282,0.987379818
39.17082974,-1.716449855
-85.96887599,7.045074766
-6.206674679,3.712195378
-104.087208,-44.0413522
0.82825975,-9.104640088
64.26883828,-6.26302883
65.23276628,-5.997298714
21.79495375,-11.44234027
-60.81653307,-11.40105114
-59.68690307,-9.767015775
35.18686309,-21.41937809
-20.38509232,-3.527637005
-11.86820391,7.076377729
45.85227092,-15.33827943
21.85830114,-6.463990273
68.59172345,-14.41948821
27.89193299,8.748657607
-19.01935782,-3.717061319
45.81423959,-8.034244074
-98.90755513,5.348162549
-25.08433694,-20.36773787
-40.58309971,-14.06549197
-11.16626149,-3.978271201
-7.318503188,-2.90372866
-9.767252858,-1.504933235
-8.978045875,-4.396221735
-13.11810571,6.029420055
15.01457267,-1.004144036
-99.82645854,-2.234773356
-34.99925534,7.175328479
-31.85459657,7.004166552
81.44706309,-4.696821085
73.38335669,-1.711173971
35.83773156,-8.781479906
27.86649867,-5.831947541
22.15469041,7.180691486
-64.33972041,-6.140765998
-61.32928462,0.146282391
-61.93917583,-5.213219658
-44.48301684,0.378252656
-55.54683568,1.734934674
-56.88926678,-0.754232024
-21.88331443,12.76324789
-61.08644076,2.391983557
-16.78754035,-13.78904516
-42.7425689,-12.7876379
-35.96395558,-10.91385882
-30.35049974,-10.17857131
-60.24864038,32.25270895
-16.62524692,26.77131695
16.9195097,-3.669263002
48.31009923,14.24365196
67.17420039,-5.505728018
-31.30570451,-1.337035925
-26.4915717,-0.923009969
-26.2239005,-1.887928144
-29.37795336,-1.715777
4.441154198,-3.895534565
-10.62320418,-1.803412955
41.02784426,-8.461811409
-25.9110135,-6.913177152
-11.80682883,-1.136741706
-32.00434339,7.944336211
-32.70058719,6.713772672
8.187435126,9.454726134
3.399953565,-0.04523296
1.772678686,1.664697369
8.176782593,-14.18755514
72.40718643,-6.062029719
75.04972776,-0.214605282
0.033907643,0.193352902
-60.76726711,-41.53134727
-194.6541219,46.29410989
-77.15624286,-17.68018832
-6.14152189,0.497006788
-61.40452387,4.268685816
51.0335718,11.86095671
35.21925951,8.676374411
1.65192983,2.582760412
49.71782315,-6.091790798
5.169186047,-3.565737554
61.18095348,-6.990730188
36.49611984,-10.75720917
-37.17465426,10.82308222
4.520950519,-22.62301946
-7.149111969,12.52713498
-13.23011707,-11.77867691
12.82565812,-15.18315664
-1.575613879,-5.418486787
-9.32027745,8.874647356
-10.54689508,9.575313854
6.545898395,-0.228782087
70.84629541,3.828191561
-28.13727364,34.10400095
17.35199453,8.148631983
-5.581214692,20.46325269
-11.45372037,9.298787463
-0.011613898,-2.99469421
11.11259209,-5.23918883
-104.7454636,-24.9859931
-55.66729586,-1.454282592
-27.54634882,-18.97426248
-9.857519451,-19.3394189
-24.98552799,1.511322555
-29.31096695,12.00646276
54.35061246,3.43498762
8.529378244,7.590825425
38.56337891,-7.064562226
25.02775276,0.672810815
-6.701393989,3.329658111
-11.25203657,1.021514189
-39.41750745,-9.759630484
64.90608388,8.710160639
-39.41848304,-9.766430096
-59.41409981,-34.96422433
-9.91556832,-7.905657535
51.13845164,-3.622503788
23.78412266,-17.34948373
41.65235085,-3.142959353
-12.27619813,-22.00324644
-44.02136896,1.685642411
-16.90145571,-13.77202141
15.83239695,-11.18272773
24.4897497,-4.705116821
-130.8341959,13.5111234
-1.109739679,-6.444436299
-49.20994665,12.76950112
74.61496068,-2.410410916
15.78108504,-12.05956496
69.86039575,3.564556989
-32.25474268,19.40010018
-43.1541133,42.046517
44.10129724,6.861308779
29.3116485,8.004535752
-34.72628229,8.542734016
53.16782903,11.46332483
31.74494619,-4.810034347
-116.4717898,-10.73743291
-31.07711729,-10.46999802
35.60970691,14.98663407
17.7400919,-17.98350549
23.00596473,-3.060214512
-19.60998151,2.323648777
-3.811458631,2.334422098
51.30233459,10.89576838
39.11748804,2.374594241
-76.04185439,2.122428806
0.911184363,-1.852673675
-0.25181422,6.160273173
-82.37498209,-20.30960162
-81.40677692,-20.0472761
-27.16637895,5.156836792
-58.50719332,-2.252960243
50.58571456,-1.746781217
-62.9913136,2.742877923
55.68198492,-1.375984958
-83.97943348,16.90147034
-8.12016925,-21.94845959
33.00678726,5.017130526
41.63553103,0.101314378
-75.04400168,-32.97321648
-50.48190729,0.669658744
-84.01133955,16.91163352
31.49094906,-3.849526998
37.01993129,-1.286238354
2.787677189,-9.483510686
5.992462468,21.3387153
-109.181917,-9.934332518
-3.725264766,4.657639238
73.38488788,0.626422675
-16.62943368,-9.71559787
25.83308973,-4.017436426
10.28607101,1.759236594
-31.98306141,-23.07203737
9.336297732,1.490316195
-19.72163437,-13.6750753
24.30367162,3.52725968
25.8332291,-4.016465053
59.73254847,-8.537278242
27.47612587,-1.646736442
-77.07937291,-25.27903095
-120.5305089,16.93323874
-34.32750226,-3.876267222
-28.15281674,8.113055644
72.09666742,-1.00353247
-47.72672878,19.28487033
10.84753352,2.13623517
-8.815948076,17.44951561
-50.05541119,11.58854816
-16.66697569,-18.83094319
-60.14851505,-17.4747076
53.7460675,-1.875362482
5.310272274,0.475609498
35.28501268,4.540387507
-92.04266956,-4.241501232
29.42697019,15.27270451
23.1684738,0.095450385
-22.93510679,-20.81543207
-34.05276929,23.82671681
-32.63809886,-12.90932075
29.57274758,18.43561668
-1.73575085,6.041881906
-72.13275999,25.97038479
19.3917189,6.321493916
17.55117123,13.07431387
46.48283967,9.585207425
-45.78523832,6.092918303
-42.92412516,5.997176215
72.09731529,-8.284307168
75.84344628,-3.096213575
-45.16024001,-4.944391529
-18.00718412,-12.19461025
35.11499764,1.381603222
-32.6846764,-16.06342502
-59.37085187,20.23740695
-11.32996145,5.17210011
-29.46060958,-30.8959242
-66.02128412,1.996898631
-30.4253257,8.568047734
-62.89614695,-45.20311018
-62.89628261,-45.20408055
-5.901550555,10.03352233
9.577919007,-26.38486353
-32.7477852,-3.791614999
-19.39537342,15.458608
-7.670119477,25.8507163
-21.41403078,-33.86694908
-2.575358157,-4.780113741
81.5257782,13.99221927
21.50822102,5.01732366
-26.71005496,-14.56725731
-19.1686144,7.162160858
-19.68425697,9.094713126
61.17560497,1.183306469
99.77221386,-1.435283339
1.671743728,-27.5472595
1.671724585,-27.54743104
38.52055682,-2.95870768
43.31967836,-1.624770985
70.6894561,-10.73155298
0.295875292,-11.29242431
112.7439265,-2.232887274
21.4289844,2.751045706
35.10217393,-1.795635394
28.56285973,-8.69566416
34.0423574,5.239767034
-19.89109014,24.65214742
-44.40481104,6.779759499
-38.01754026,9.616682975
77.04629457,7.596657927
-72.64829366,-13.6145625
-30.02535251,-33.92456711
-63.82021564,25.2272409
-22.983564,-28.08236198
-8.9669919,-8.505598967
-27.96556741,7.158449051
-12.75191739,2.701106026
-34.39477861,-6.175889775
55.14369731,-10.83528025
11.32967917,-2.099565552
-31.3601005,-3.106363963
43.86310436,7.806748062
19.50235863,2.201062315
-18.85800837,-18.39071095
5.382419635,-18.23566816
-31.81902822,10.21066483
-10.66446635,13.71100884
-11.43851112,-7.098543454
8.003459502,6.319749789
-46.30248317,-8.370367787
7.316960271,-17.72357978
-27.52047406,-4.38184998
38.44151218,3.468405154
103.8964729,-1.348732886
-21.37855658,19.01942121
-22.86829889,20.68348613
-42.63095774,-2.268775347
-66.02900389,25.66803739
31.625954,-0.658426211
-45.07180572,-2.640837657
-16.81063572,9.916920314
-1.629401638,3.682137837
-49.03940325,-1.018860451
-50.96669604,-1.546433445
-18.4793679,8.427358265
1.258609379,7.707022602
27.94045522,-2.661999363
-32.07803372,0.646995914
56.29189799,6.295475911
4.061387131,-2.020364278
-19.98317435,-2.224585852
0.823844613,2.284713609
13.94431649,11.0614635
3.775640987,-9.245367818
-3.193109717,-30.61150731
14.33540439,17.35927888
-12.6287296,-10.51009406
12.76952487,-22.44697036
13.03705593,-23.41287568
4.891094123,-27.71788066
12.24229883,-5.911899046
22.19281452,2.178590564
84.94871664,1.461817382
-22.04490739,-5.029271337
31.32327561,4.396866614
3.536675708,-0.091951211
-20.91992702,-2.488794861
-26.90740585,6.52365379
47.68600877,-10.70214511
19.26007628,-0.918549234
47.58007626,-13.87645967
3.264595935,3.185259382
3.004973946,4.147629392
39.52463421,-6.807538017
-59.98627401,1.175012397
-55.1645498,2.492826879
2.8367184,-1.33337797
-88.54608229,1.020531343
-36.67313601,5.679259137
-0.27679617,-13.42392063
79.18075491,-11.52852729
11.15845765,-5.262010939
2.923563891,15.60905977
-35.1602706,-22.89553413
-86.47721036,-27.72148562
40.17998903,-1.463424043
-7.130138668,-1.537980725
11.02092634,-16.61220963
-50.93838638,-3.301552216
-15.16040896,7.312962221
-2.369129598,-1.62076217
3.051978825,5.047683578
-8.070354667,-12.32799873
-61.97085713,-3.411624732
-61.30692766,-2.173745984
10.5744915,0.800070982
-49.99282103,-14.43725979
-49.32651107,21.01163502
-24.86854681,-7.599107975
-27.22897833,-10.32069772
-30.22652359,1.197713307
-5.730693852,-30.62477724
-14.57436227,19.06401819
-50.62519717,-14.79567831
-50.32440853,-13.4601503
3.041459684,0.066900771
-9.811567447,33.59397559
20.82464992,0.591322097
42.81933384,3.477168822
6.795041023,-19.89020834
-50.39612298,-7.555356106
-116.5769544,58.74302612
55.55320133,-8.651921986
0.540356652,12.90072796
-45.92560281,-24.85676444
-46.9354387,1.789548748
10.01999781,-8.69881364
-56.27477212,-12.30988272
-34.82252664,-7.485563582
-77.96812874,4.814234039
-59.45944598,-17.14368061
38.50511155,-2.948952011
-15.59825137,7.458210603
11.58074895,-14.45764638
-72.31874839,3.227334221
-63.91165998,-8.04501206
-87.36085442,-10.17894828
44.85221905,-0.084798677
44.85235842,-0.083827304
-28.43722159,22.24166042
-26.32559162,-31.07701834
-25.73410448,-11.98232328
-42.25126137,15.43592953
-47.88423805,2.407345934
-66.82998374,1.688706609
26.05630544,-7.294745641
-50.69740261,-27.0713529
-88.79365816,2.854957863
12.19833894,2.291779658
3.960812783,-9.297245269
-58.88445988,-14.97143314
-52.13544507,-13.12609808
-45.82746563,-13.47129425
-89.36062515,-7.483151536
-62.68660138,-2.317998365
45.27637113,-1.116611408
-71.89354459,8.626367238
-71.89354192,8.626396539
-71.86725391,8.618033231
-56.39118506,-21.38480197
6.526970233,-14.77949569
55.41775062,-0.410299146
27.74282235,2.378651908
25.99294314,-10.45582604
98.47896368,4.238383267
-81.83346104,-6.747025204
-33.46495526,13.69067866
4.196838108,10.77503389
43.76626318,-10.85880363
-38.03891137,6.433347868
10.13066113,-1.403816469
-78.91105224,1.338256035
-48.89357768,-9.223795992
-13.72296596,2.446597156
-77.50505892,-34.5192942
-19.42286731,-5.91951633
10.00889258,2.714999003
-46.58029605,15.40551189
-37.71408491,-31.07037388
12.22904692,-9.110284753
48.2560212,6.966400764
17.99086971,-7.538351436
1.36490938,0.341887345
20.93246803,11.96413567
38.979668,-5.768196106
-20.8957628,1.615150276
-42.68724405,-35.56274129
0.53167429,-9.910074158
-110.5718258,14.50394346
90.51351721,3.09039067
-45.85668934,-7.050569928
-50.19971849,-20.80304979
13.16670932,-17.04083114
-5.84404427,3.616306974
121.8743614,2.331331369
81.17155925,7.694074553
3.694338605,-8.331731556
-15.36642069,-0.821221705
-19.16085041,-16.51666653
23.77311943,5.460642288
-110.6598744,-34.27539822
-43.94421607,9.873074276
-39.86787617,-1.436464239
-40.69199682,5.573371548
-43.94421382,9.873075808
-40.21809054,33.75733738
-34.97914939,40.48082374
4.901822761,-20.42557373
30.09547702,5.112842219
-39.30599745,-0.156006584
-48.43628983,21.28230017
-3.900660884,19.62075407
-1.710389861,19.18391678
-36.4511225,-2.574944333
-111.70333,-9.399578302
7.49401893,5.611328623
-29.91641746,-7.082824077
2.318865543,0.608979922
-109.5928621,17.96697225
95.44616892,-2.914888189
21.59320938,12.29745722
18.17341354,-1.171987238
-8.544867815,21.4594962
-13.18841007,23.29751338
-37.7238619,4.570663993
14.33966911,-3.131883273
33.7568378,3.022977742
42.44743783,-6.038100054
-61.15870693,-4.009263614
-46.0580775,12.60007263
-10.01920672,5.845320697
86.78736981,-5.282404531
-75.59393789,-11.1879825
18.35782952,1.08791031
20.26553179,1.6196135
22.73872321,-2.973382757
45.57886829,5.218203453
-6.252363997,-2.680454664
-35.10041974,-6.537002689
-19.69133546,-3.195182198
-76.96460047,-13.65532485
-18.69597349,7.586008635
24.67133083,1.644069856
65.67223827,-3.807474328
-25.5666736,2.550820451
-88.61185424,2.811271728
-85.85253895,-0.457083961
-29.94365836,3.444703097
27.13292657,-3.868616959
-71.46647933,3.528755261
-69.97203592,1.864253218
-113.031832,0.411688638
-72.44018137,3.269202653
21.49163328,-12.79508209
-14.93400851,-31.07149803
-30.61732742,1.325165576
-91.27592926,-15.31339086
14.77061385,-7.347163205
65.42105904,-11.05160348
5.995033396,-6.479375787
53.411766,3.203660621
-70.45512113,-26.34085102
32.26294631,7.870792644
19.17566969,6.384309525
-29.05035465,-6.79178886
-14.36677072,-15.18188449
0.567795579,-8.148127944
49.21184651,-1.854467163
49.38309947,-1.027353753
26.66221919,6.236164151
-22.64498836,-7.155774558
28.57186101,6.792655813
55.52466806,6.880024112
28.49866221,6.813830525
-36.85140012,-15.27975622
16.85136727,-19.13119202
16.83755559,-19.12779072
-31.01171948,-8.216463357
35.60226814,7.651746904
20.27863235,-0.694199736
-22.77592256,22.09551849
66.81166947,-0.422684932
32.54185688,3.718002489
-34.17051851,14.76738375
18.34539511,10.16793147
-15.14025026,2.292854846
21.91141689,0.799479067
-37.32898945,14.94188385
-18.15006835,21.14962202
-34.29304885,16.58410412
32.35351645,11.93185161
-49.35565217,9.59816412
-24.37056248,-8.618366135
28.34934149,-3.650851157
-24.63353813,-7.653943735
22.02377541,-3.293806751
-7.500817374,4.423312901
-38.58936349,4.259118758
38.41864656,12.54875228
-14.88425678,-28.74843928
14.73643018,-7.319925123
108.488089,-1.459308754
77.31440543,-4.787598383
-1.661504251,-7.721114487
11.8542781,26.09743791
32.70989428,6.86388981
25.86912733,9.126073316
29.900926,-9.438019884
22.61806801,-20.79091132
15.17924828,-9.22549006
-96.29554996,-22.98912138
35.14341535,-5.91138126
-35.34690621,-5.555487856
45.92865701,11.52688468
-29.88700378,0.230989391
21.26084834,10.9780514
21.77630422,9.03527839
9.614368197,0.533116988
72.597,1.190516915
-105.5910905,-11.11646795
54.61668143,-8.912246665
73.64115804,-2.668765949
-105.5819745,-11.11937172
-6.289049178,-6.753534623
25.34035791,-2.115093801
-96.16173757,2.977323438
-72.96767991,6.083201708
-24.55302809,7.780783482
41.91978051,-15.50810841
70.13262424,-8.831475204
14.22579549,-1.295753241
-18.03322865,-17.19367156
-80.13965223,-10.26354209
-3.664722211,-12.31089346
-2.165860928,-13.97785617
-4.10241246,-14.50349569
109.8300222,5.150554067
53.78925438,-9.680037662
109.8303009,5.152496813
-0.021476349,1.084602511
16.07409403,-8.067142552
31.42517445,0.284262319
33.25686066,-6.4969311
-12.82123106,21.41629654
-20.98577643,16.22602519
-84.24029836,12.46107354
-18.03066545,10.58780593
41.75954274,-11.35564954
57.61352197,6.460745265
-38.84707157,6.994626538
-43.72251551,0.727040497
19.1173759,12.82785111
54.96078755,0.623375561
-97.37968008,3.672187372
-96.75129023,20.42593949
-71.46441651,4.413830714
-100.2885793,2.888570708
-96.32141959,0.696193612
74.4364165,-5.557146299
-108.5117563,-7.80436983
-56.23030608,-10.91098346
-59.02545671,-10.83623091
-79.19900457,5.519218279
49.70454321,5.302155519
3.299151686,-3.210970986
10.85144844,-16.57416821
32.90520988,1.820780358
-71.17119738,1.655101836
-6.366005721,-13.18343596
83.96717274,-2.909627143
58.35242134,-11.90542468
8.509709686,-18.42435577
-3.407796107,-10.07463595
42.53188931,-10.14919287
18.61281403,9.194370099
10.00401477,-20.08982055
58.93593203,5.727057309
59.89046911,5.993790081
-36.70566294,-6.598217614
35.20547882,8.662376123
27.5379528,-4.847684077
-14.83923774,-2.749396208
40.53703981,-10.65928828
-50.88331322,-5.655177034
-16.56409623,-1.023550561
45.94719081,0.132300949
71.36113166,1.905833157
36.77239174,-0.303628949
29.31939097,-3.381992538
-16.5640957,-1.023544701
28.07738831,-14.09601639
28.71969291,-5.573687306
2.859713948,13.28640707
-54.75325265,3.803273075
-16.40196962,-7.492681428
86.93574537,-2.130890473
86.23963903,-3.360499793
68.30479729,-2.030191478
61.78659444,2.464134129
-18.53756109,23.92104304
16.40609628,-1.735845972
-25.28014607,2.477711836
-27.46585381,2.91309291
26.44364428,-20.574514
-7.06181695,4.292931083
73.28547117,-9.004202953
-87.85149173,17.75274326
79.50564468,-5.217869777
-44.92728779,-23.73594053
-13.89347952,-12.12700043
112.0998555,0.605067463
-13.92755042,-5.683741931
-47.74902649,-4.389816901
-29.78062379,4.266283696
56.43669885,-4.274321972
-82.82928301,4.390694908
-87.39821863,2.111768491
5.832656847,-16.0548904
-16.41356694,0.722859132
49.11088384,-4.150478041
57.53024538,10.58369858
-61.9737635,-6.633165508
-7.486189317,-5.203735281
30.00345281,-2.188037235
-40.87704711,14.69337261
39.01115348,6.49769764
-77.52770116,7.010034988
-31.58823324,20.64757078
27.66189349,-9.009980261
-1.470603125,9.15638571
-22.03384575,6.373898527
-55.25575929,6.595990343
11.96279638,3.234277139
-53.99757513,5.036203835
-39.09887548,2.982701005
-42.749988,-24.12550954
13.07931123,6.669183096
-5.663974119,10.86386971
80.05786154,-0.746363467
4.85428938,17.88247826
-108.0749161,-13.80659656
-24.69020281,-18.17154371
-94.06893087,-15.24314623
-95.82712742,-16.27197203
-86.2451538,-25.47618448
-11.2815473,1.019831568
64.60870236,0.034309874
64.30567307,-7.181374035
32.52878263,6.901393063
39.91338255,-11.90908767
4.13478837,-17.54624474
64.36835861,0.98962851
36.49467391,-7.559798478
-107.8552996,-8.348509225
44.98293744,-0.14956964
46.62404286,1.344847678
32.45936345,-3.58186903
81.50649947,-8.804017636
65.39667515,-2.881885549
20.24476622,6.650520632
-12.77858403,-9.589531341
9.413278263,20.15370774
54.02497327,-2.867144233
22.43178681,-12.54708413
26.98284837,1.142091156
27.82739713,-1.750616078
-57.83438748,-15.63631988
-30.97532942,4.96571711
17.11267674,-0.518538847
-48.78129836,-2.858322917
-75.99495706,-20.24469301
-62.63993957,-16.06814713
-24.24358932,6.810328444
11.16167067,0.262588964
-40.63620486,16.94053458
12.43653843,1.330258495
55.21202392,-11.74081107
-10.02886244,0.338295783
-26.76275477,-10.46747052
20.19730233,-1.559085053
-50.27284346,-23.98307246
-45.21665621,-20.40938031
14.70865706,-3.198992059
-43.175495,-4.430358602
3.106623226,9.098945378
-63.63336398,4.719885769
19.58784908,1.272093193
-21.63420594,11.78795409
-53.50727168,-5.973782411
-3.017872023,-6.969913461
-28.24213567,16.30462012
12.6509976,-10.99368447
12.84714958,7.630784044
14.64774812,-14.60561927
-80.67471613,6.277013327
-39.73138428,-10.55924158
-15.01143147,-15.54609896
6.548793422,-4.326006275
-48.74363674,4.425623856
41.58361079,1.002555522
-4.239349008,8.339773206
17.14243482,1.804214629
22.81476852,-17.56907329
26.62749472,17.67008354
-16.51391061,20.33684679
27.05381448,-22.54540142
-49.15761708,-23.73924199
50.67894987,5.570549724
64.97596711,-5.022998025
-8.688722287,-20.02471141
45.18654264,-8.396970505
-43.90023545,8.969276285
37.53404039,-3.22733155
115.2437816,0.425821957
40.39277126,8.974596738
77.05419032,-3.802294032
-75.53307919,-22.60590679
77.05432969,-3.801322659
1.256611027,-8.703081421
30.01427065,7.4446688
20.97016626,0.540683559
45.34429863,17.57090248
19.22437429,-19.66180484
6.526514442,-14.84681961
-42.98685324,-13.5549106
-37.53914221,29.10333688
39.72256101,-0.427462963
39.72585573,-3.659425296
20.0306455,3.480184072
-21.07596981,-4.771993294
11.83242099,-8.123425525
-22.46241121,-13.08704528
24.61317164,-1.577497394
14.08684213,-12.67222944
-21.95132419,-10.91252884
-48.4688169,23.09269976
-40.9129053,25.24455463
3.100281011,4.988427321
46.84813019,3.598158032
82.23767449,3.80065287
-7.238892471,-7.057492306
8.271257139,-6.054283564
7.312162463,-6.319523619
-92.24303044,12.19136143
-7.824591999,-22.92774074
-42.71282553,-35.58295646
26.83526264,1.21353381
-86.70120472,3.339197559
-87.86717682,11.31815212
59.1717663,4.767755614
36.49761721,0.645310068
-33.06941496,-6.930980872
-30.99869588,-17.83038609
4.754470865,-10.76086122
-60.45575278,23.40346066
-18.97524104,10.31093073
-11.79489612,-9.312946639
67.34778735,-2.348421706
8.143943823,1.303338325
59.19754053,-6.638307745
26.94174602,-6.132596385
64.81043263,3.189164969
25.39023281,-8.551240029
23.76880794,-14.15872431
24.31918697,-19.26897651
36.12112271,5.726095973
-78.00897945,-6.573009328
-40.42621238,11.89984691
-57.26420613,-21.65896672
-45.53780107,-29.06090083
-28.59799525,-7.851259959
28.27411631,3.641771016
15.54681239,-11.11918121
3.777421365,-1.042124831
-1.980057996,4.680066925
-92.78824564,5.942564238
-41.48392322,-24.87282727
30.85178196,13.62333938
-8.024080443,8.134106652
87.28241748,-7.233584576
1.888549457,1.626500393
30.27150398,2.38461766
4.498101673,11.39967039
-76.32050636,-19.69472031
-8.793733518,16.55050952
48.06910338,-8.491702989
42.26881434,13.61770538
62.50693815,7.755330688
-52.91472475,-14.34110261
45.51596215,-13.4597438
-54.02393153,-39.71037971
-39.87207286,16.37826953
-0.133436017,13.42331586
13.29184829,-1.575078564
81.09715137,0.372433032
-47.16189793,-20.0570866
-16.16207679,-7.561969886
81.87983514,-2.520871924
-32.27965675,-2.503498324
47.56013787,-5.685777135
-77.20000722,-32.28775082
13.37202566,-6.58049635
-72.03229433,-39.95728697
5.902788744,17.27073643
25.27897902,-7.633268176
35.68093583,3.545475014
52.72068738,-2.119661086
30.12576487,-7.191564901
30.03684655,-2.194538177
44.4077161,-5.507071504
-100.3771417,-15.8015589
21.12434997,11.0140574
44.72053763,4.036943722
7.58655378,-4.075209957
-20.10773019,6.891308973
-58.40415625,-4.616862889
20.53564697,5.648164624
9.044710245,2.487720436
-23.83355706,-13.82102128
-41.51660932,-2.068861286
-47.29272427,-15.03334421
-3.92726188,0.068739628
9.159969056,-9.855783713
-99.96672841,1.010693326
-30.26572912,-2.00337796
57.97571927,5.467396283
66.03008902,2.488724648
-58.81653261,-4.493106921
-25.3562132,6.618449181
-10.29068883,-10.10181976
-11.165929,-14.4860153
-31.05584697,9.099971863
-18.17857669,18.81583809
33.75328729,3.00578854
-17.05107804,-11.95884128
-96.66084826,28.58690754
-80.03204462,9.296059138
-111.5648594,-0.364137852
-102.6441924,1.047212055
-16.88094126,-8.80042702
-93.67335485,18.34879557
67.32950013,-2.337425097
-35.78912921,-8.626465039
20.26206751,6.628129316
-27.91586786,3.033075857
-4.061469919,-15.41516223
-56.51854373,5.544516098
14.16769441,-8.606907379
-23.09845525,-9.360867904
9.13864926,-13.06873518
10.66808853,-22.92492224
-9.523168679,-24.38460935
-0.908787756,-6.491333784
-27.11114107,-16.77039618
-13.89560458,12.98984337
-17.35277282,10.961796
-10.56314736,2.277069442
26.43152655,7.20463022
28.98250762,1.688978049
62.50963319,-3.63658838
42.95757027,-7.976003024
-57.00453812,4.260370734
61.82135825,-4.873883588
40.57820346,-14.75106716
40.58276089,-14.75254717
7.331749884,-3.112362661
16.20640517,-1.664038701
-27.44029286,2.92711187
-30.32224715,2.119039433
-25.48743752,10.71322297
-41.6710007,5.318726288
-73.16986865,-15.78514227
-31.54376552,17.41376202
-94.87761839,1.361716714
27.27532279,-11.21659753
31.50452952,7.575956719
-1.28813779,-12.84530061
10.54568359,-10.63233833
47.33929883,-8.854294603
-5.505463063,0.876401116
20.00188377,7.587603387
-16.77149769,-24.33985243
-41.31071809,-33.12881482
-33.56706788,2.312782348
-31.4455342,20.59296139
-52.01331722,-9.076465391
-34.46566648,-23.97350686
42.54633162,1.248439634
-99.64715759,-2.292666229
30.20756179,-21.81350925
27.17885084,-11.15490437
-12.19838364,-10.62172038
-24.05402535,-1.416172327
-39.2792094,-25.29287715
24.38547367,-0.586103705
-29.21346932,-9.953314337
-30.88555519,0.847019629
60.1708648,-6.346120972
36.09395245,-5.693606648
31.18304078,-2.888709845
28.94856722,-3.310237456
-79.61951701,13.82166666
-48.13627964,14.7848733
31.70050213,-0.699323305
-56.33328161,10.49396212
-23.76939511,-3.282242962
-111.0092773,-25.09886338
19.61725432,7.689309688
11.88968982,18.75023012
-7.339987564,-24.8305867
-46.98548096,5.025094866
-30.79741285,8.137050048
23.29937384,7.378592935
-27.75083929,3.907582082
-23.90428379,-6.44895274
78.91020794,0.807062399
18.1807484,-8.462975574
5.739003052,6.800522795
-42.21956278,-3.297287707
-6.152127684,1.383496863
-57.55958152,5.311674563
-30.86436437,-0.047498815
33.13180935,9.071407665
6.269400423,-2.454662177
-25.55899648,14.86086187
-55.91242006,6.554376691
19.7648586,12.64206202
45.15210335,-8.401269141
-2.491244656,-0.716264005
44.31446882,-1.38583217
25.6732108,-9.531076059
-48.29737247,-5.660095861
23.76240894,-5.955420289
-25.61325816,-0.620633423
-42.85886861,-9.543567137
18.67000038,-6.2788459
8.451292481,-2.881826739
10.9095015,-27.08825203
7.93028712,-23.75822549
2.318741903,12.01222952
18.90611915,-25.96048422
-14.62802769,-2.8016908
40.697495,-0.157948237
45.50602854,5.215800884
36.7567219,-0.337031846
12.14083011,-27.78931269
1.791558322,-8.866409607
25.26445704,-11.66472451
55.73600683,-5.452294576
0.679958631,-23.68733654
-51.01982573,25.36133971
14.13519438,1.936741476
57.53662216,3.294604747
39.1353202,-5.80538942
40.09386171,2.664674299
-60.86795684,-16.3837019
53.03695338,11.49686131
-87.82481406,-0.965743986
15.72591982,0.233997112
10.61381352,-3.322125834
68.15332285,-6.123636202
26.25198327,-19.63702885
51.48705891,-9.639542963
62.1571197,-2.646925472
20.29119404,-0.70823173
37.69701945,14.55726826
-14.68513313,-13.29917011
16.08331046,-8.956887408
1.892334352,21.22864912
75.13796711,7.053766949
14.06336383,-15.87314864
-221.534824,-59.78496439
9.698334131,-15.00554947
35.25634717,1.329760844
1.490829951,-5.581933332
50.29309309,-4.824565792
33.8605245,-1.122353776
-85.07108032,-22.07608337
11.46852676,-6.227879106
-2.188402603,-1.672226713
-17.89162812,-4.937720089
56.21069609,8.081419285
53.03364179,-3.12407375
24.8544191,-21.22201832
46.77998634,-6.86744043
37.83203684,7.214467052
45.44522425,-3.829536625
-106.7272379,-12.23712413
-78.6375691,11.76587366
-94.08575812,7.550777076
-29.79588652,13.8999492
24.40125232,-12.00838323
21.76606501,-2.381765207
12.06450974,2.345670653
-20.88780556,-3.367765094
7.546085836,0.037387873
43.78971368,11.96180518
-7.64485335,-19.7489021
-37.23913471,4.429714984
5.741525727,-23.34614344
-18.99977599,-2.820790029
-94.98889044,-10.00526941
-14.9618666,5.462649462
-8.230337999,5.010342493
6.211987437,-6.545644024
10.56619239,-3.305643791
-30.7979987,11.3449003
6.719725051,-23.08062563
-16.31458746,7.108538481
-20.42869947,-22.22191575
41.16808899,6.10377245
79.83846654,1.103531377
93.79797694,-4.41685188
7.814322318,6.376218663
56.17785729,-7.396472463
-5.733944632,-19.22410505
-46.54195646,-7.3928995
38.78169202,-15.33529304
-21.99209778,-1.824005614
16.84106267,-10.95634394
15.27115835,-5.16761071
-53.6194733,8.121985291
10.22274514,-25.13755858
14.93578253,-11.4889459
88.01263521,5.396545773
-33.63723396,0.575914467
-92.67463979,9.125326433
-53.02375052,3.506136947
21.52187567,-1.389910391
46.05226095,-15.41300553
-52.27897454,-1.699266931
-42.41982151,-7.295678265
-48.97305584,-5.98669306
-60.40647044,-5.980791762
80.30770745,-8.109747645
11.0237868,2.987902627
52.70167479,1.968665792
-11.42941746,-24.8949653
7.22540029,-7.169241927
-30.19914805,-9.338563366
20.54085086,-13.06869293
15.69504155,-7.040602324
13.38871091,-7.453197641
6.072389524,5.757208137
-69.6416385,-2.339297837
-28.36583913,17.23367571
-35.9554487,6.026484379
-1.101461892,-21.06293627
-0.76554131,-26.14991575
16.17839254,-16.29609341
4.504747965,-4.80121535
-26.53065364,6.408990478
1.625558412,-0.627687151
-21.09488687,13.06055897
-29.49106348,9.71776896
44.01134497,-1.292410331
-29.32376451,-4.953395255
-20.35788732,-26.32867649
-45.16215432,-16.3441543
-22.2042892,0.560315242
-21.59827937,6.78636874
-17.37757572,-6.933864421
-59.19774658,-2.598742221
-17.36809859,-6.867811054
-33.19165137,-18.27106082
-76.10565607,6.250350729
29.93232977,5.148594631
-40.21987651,-1.33458662
19.57415384,-13.33940318
116.9217453,1.888804435
-9.40566029,-5.737068944
32.64590505,-0.425524073
51.12906031,7.724690077
34.30452857,1.064063567
38.86871731,3.343425216
-13.70709887,-5.760868646
-18.07169358,-4.887427592
-20.26652539,-4.449142443
34.92100536,6.435244124
-19.31428294,-4.186655134
5.462004691,11.82154624
-16.41979797,4.816396989
-15.56110623,-14.48459825
-25.13745424,-9.843903912
-10.19815635,-2.823555601
-46.00279591,-2.035247715
27.39855302,-16.23027105
83.98858322,1.167489282
-17.38003167,-6.850925644
31.02536785,-17.45255948
13.37774261,-5.689717579
21.14302317,-0.420051394
-20.8801696,-4.26965328
30.59480397,-8.23385759
-52.75307725,0.215928897
-19.04910784,-5.146863193
-21.22100544,-4.714844843
-33.68040097,6.447255675
24.23216526,-7.869279619
31.1570557,-3.752828207
-49.85214706,13.2981776
65.04194049,2.23259153
13.78402544,-14.90324257
-34.95752094,10.37959018
-56.15276191,0.458242688
22.87187689,-16.22184732
52.00212884,11.23541437
25.18948649,18.41771915
-73.76505541,-2.429140151
-30.05383775,3.46149349
-8.985763047,-3.553117452
16.95724022,-3.675455521
-25.24284379,-12.13081822
-26.6425905,7.326315691
28.09124106,-2.708066448
78.27101137,-5.407427822
0.709852863,2.297879814
-71.11422343,-0.680735972
9.285498192,24.31752955
31.22702493,-2.878462522
45.77854997,-3.034994977
-88.03844411,-3.234216372
60.19584001,8.263815032
87.93126887,-1.836154256
-0.732385178,3.951650424
24.56683394,2.576020016
25.02007385,16.1546528
16.16742427,13.82505811
-101.384239,-2.317246277
-75.25303377,-8.96026062
40.07777855,-5.552281944
50.34467288,6.538849268
14.93133726,11.30494182
4.394675912,6.623732052
-4.344291029,6.036171095
-73.22116841,7.028308756
-0.677186326,-18.86202551
-107.0511727,-10.35795501
9.920798914,-1.326650767
10.88528253,-15.72174583
-25.75354739,-26.60241787
21.90448387,-7.38948483
3.299451114,12.24331674
-23.49540436,-4.251212221
-60.38391619,1.282494296
33.77796061,-12.5003486
41.35978019,-3.05865319
23.43241353,-23.65769908
27.07851838,0.268268676
31.43687678,-12.01240297
-91.96120969,-9.257557184
14.66317179,-10.52639423
-9.853451921,-8.804355274
-23.87492882,1.707293587
-81.97408659,-14.91130631
33.4877711,-0.135211537
-15.21909706,3.227149757
-1.321163328,15.52858425
-10.7973583,12.84248836
-15.4789337,11.48927894
40.98561328,-4.365626397
37.08878301,5.979321492
-28.62514995,-3.717766971
8.191331855,-6.009847849
-72.94355817,-6.215787943
20.30347611,-0.712298191
-38.58566958,-9.791017658
-40.98002284,-27.66935809
-2.319779077,-8.968003382
41.65839769,-3.137685025
-23.71652053,-7.391699913
-84.36568056,-5.336721658
-81.73163955,-3.577856534
-84.10179085,5.103912503
-56.95513913,4.258861048
23.8777334,1.327128606
-38.01996065,-13.18394438
19.17115319,18.68688147
58.58927989,-11.99338034
9.401816299,0.578267675
66.98456875,2.745329614
19.49846912,-20.61137538
-21.49415592,-7.853646611
50.45957192,5.630446931
-31.22494174,-2.267615533
-24.85163133,-6.727905887
-61.455,32.06123498
-91.68728886,6.165923295
-24.50015061,19.18239548
-33.48334673,-1.794006164
23.93852237,-10.97643782
-60.58235624,-6.83901773
-75.93436819,-6.064189931
-71.00359709,1.605974901
-57.97314147,-8.725987871
-11.45375328,4.29926266
-97.71163321,59.76458655
15.74218538,-2.977341156
-28.87735026,-36.97280175
-74.53197479,-14.13458098
-63.71546799,2.416102164
-15.30491825,8.206310296
5.146053233,1.420710097
-54.45755698,-2.151754449
-51.73681659,-10.02480149
-36.24578833,-9.92096747
18.42156633,-5.339605519
-70.57366063,-10.80487855
30.03528134,-21.78988927
-11.23074353,-11.26104093
-7.813845987,-12.39848715
10.8260401,-0.167829137
-19.67793591,-2.30160036
-44.21633975,1.757938118
-20.11537829,-15.8931456
-45.55081556,3.375659876
74.41404795,-5.576231916
17.6182604,0.774071532
-36.56508917,-20.37015602
4.291224583,-11.16088452
20.3814537,5.687095836
-12.30533448,4.905022889
29.7125366,2.009127604
-0.227203812,-16.67239337
-37.30880858,-17.51565955
68.78586604,7.416395406
-39.77890952,-16.07361114
-47.84172236,-24.50147465
-10.48696831,-4.485868497
15.73750336,0.228796946
-19.4795205,15.44879002
40.56953025,3.958237861
-81.16091649,12.30023051
-3.429915295,9.535207333
35.70810484,14.89669561
-67.64553619,15.9693328
21.99853935,19.50095229
10.22372705,17.26051393
-50.18928037,1.996592203
-44.76622006,9.560903564
37.35683542,-10.48387717
39.26888842,-5.859159457
87.59128643,-8.202418568
-9.219632179,-14.85251948
-12.21814806,-10.61335675
-8.2030216,10.52912268
-30.32421243,-10.18777891
-3.114823047,16.72689135
-100.3311411,-15.80519626
48.9403336,11.37820353
38.07986212,-5.166679128
-0.314447654,10.25735887
-38.04730452,-0.880988857
-16.37710111,0.703489802
-62.6652597,1.77060011
-5.567673643,6.731591929
43.29305498,9.776054697
-67.55364171,1.34663139
-80.64070081,-0.15006471
87.39652015,0.025942807
-95.88609661,21.59295023
-50.60587537,19.39401216
13.77322176,-0.300476031
41.92422579,-4.090905572
28.51239065,-9.593734362
-74.81739683,1.422392424
-44.05660531,3.454862245
-12.40449864,20.41271762
34.52683231,7.429198246
-41.8632696,-13.33975326
-4.786027638,3.842730374
-38.6911236,-13.51865525
37.47037845,8.198265066
3.350473915,-5.879435594
-27.08299843,0.152279123
-14.2477053,4.37818326
-15.48092711,8.261308336
-54.5463322,-37.74315308
-14.76537108,35.51093207
40.77159578,-7.540174867
4.802467446,21.12693753
23.13354092,0.11551407
-23.7990866,9.022246943
14.05764197,6.050421083
-47.33879548,-22.31366683
-34.84080242,-18.92156264
22.27481835,-4.290165472
-11.34409043,-17.65316501
-50.40023277,-6.133409607
19.89251304,-7.005899574
-7.984017035,-15.557043
13.11685382,-4.728247955
8.203015662,4.497217079
-40.47853703,11.02780767
-23.96249742,-6.43244217
-57.84396923,7.164583664
73.34827871,-1.737159126
18.80301528,-0.813240298
27.36364442,-19.44172901
-52.11408104,11.95904746
-45.95963536,-8.461205164
65.79722053,6.690188921
30.90015457,-9.19644941
37.00497739,6.021240664
-19.09447579,-31.12320622
5.888643822,0.889270543
19.67747215,16.73344183
42.049761,3.192092342
5.427617278,4.567771281
29.55978788,-4.370561476
-90.15473565,-25.61706486
-27.06493574,-7.166416388
57.24774508,-7.159751175
-99.09053028,-27.02662477
-30.53029957,-1.909399653
-15.36728627,-4.90355439
-24.06213386,1.793105117
-73.89478616,-17.8961271
34.08978988,1.122344832
33.5659039,11.25101461
-110.7913431,-11.44248292
-22.7124223,-17.65791025
-124.0630224,29.49601943
-1.028618036,-3.259039744
45.38600382,-2.014238831
-21.72390561,3.614406683
-48.45765184,14.85299945
-102.2570098,-28.63587174
-53.13614705,-1.091858294
-45.95335923,2.94223117
9.758876291,3.687498448
34.25103628,-10.33252094
-35.92717658,-0.400790806
-70.63099499,30.71092274
-41.76208278,-12.52377797
-31.42328686,-31.44759645
-26.85891068,-29.16719076
-28.66811359,15.01430507
-58.54007834,28.73850977
35.58456162,-3.738956554
-68.33089962,4.239170883
17.43365423,-5.596658831
-2.901504368,-7.900087801
-62.56003884,-6.461682386
0.106224652,-0.699335781
-8.182120373,4.107326322
-4.403953237,5.161519175
-24.67953862,-6.769507401
-30.43688922,-5.153478575
-25.86948526,-16.03766145
-16.7817892,-2.398527665
-22.2736485,-25.423901
-5.954365206,11.81666215
60.93834589,2.125453566
-108.7453119,-23.25365974
37.99078727,-11.00173304
-76.07685174,-10.15357195
12.88628114,2.64038757
28.25257731,11.83261543
-41.25868453,-4.781932226
-50.56579585,2.113316653
27.37642116,-3.947102309
-60.36925043,-6.905961679
-6.530023916,3.816499155
-21.92504645,-10.04137597
-82.29081072,17.05555475
-32.61002466,9.869474817
51.57371711,-6.450833932
30.62043619,14.59126415
-30.7733193,2.22217321
23.9287833,-15.07334311
-42.00942793,-20.62724184
32.90453744,-1.401106617
21.75323975,-13.74472478
-27.51038199,22.524931
40.17188501,1.757798396
9.308369432,7.904355443
-46.35906297,7.151610954
67.93740022,3.014354865
28.12047449,-7.692493808
-11.38636441,-17.65285229
4.348812185,-7.068752465
-43.7589648,8.032236557
-55.81661882,6.779558202
-24.89107656,11.54330402
11.96244213,-4.95599782
82.11729226,-3.466242844
37.88319415,-19.71680561
44.19520433,-8.655867525
45.42182845,-9.356528997
-33.3437512,2.246853287
-56.96023645,-3.037347269
-36.6099294,1.554583187
-91.39769302,-10.31463747
-193.2503291,62.64472223
47.82825302,-7.559401735
-41.19603118,-19.41804823
51.19572216,3.625559534
-33.20867489,-10.07176619
53.57366418,6.333885511
-5.687441236,-1.422836449
-114.923984,-31.13950235
-59.39144022,-2.535934393
-64.26448922,9.320848581
-15.41102404,0.057308011
-26.12766319,15.9051754
-64.26407111,9.3237627
1.792333201,2.529851215
-20.44319802,-11.70181535
-83.03701107,-7.836094977
-45.60502984,-13.57972664
-3.126571117,-6.924284384
-37.14459552,4.379856403
-39.05359308,21.67011391
76.70755611,1.263293169
49.78862814,0.277699656
-102.3823619,-8.999553008
50.51956437,-9.028415303
17.5565321,-9.763425889
43.3159614,-13.06022385
-38.50967765,5.11967825
-29.16968745,7.848000903
28.03843949,-14.97914465
-51.92645882,4.608737772
-6.006868384,4.536500815
-29.37187941,6.496865801
21.3708485,2.727605222
3.565708644,3.092371013
-1.800261387,-2.148443008
-68.50954827,23.87977503
-68.28268166,-18.56969696
-4.31431902,-6.278555525
36.32251294,-2.538939013
-51.22057767,9.047719049
-77.69767414,-2.308544013
-46.13799075,1.210329475
-11.02081713,-11.33175881
-43.26757444,11.08451779
-69.06561778,10.31356108
35.37260928,4.525366488
34.30023379,-21.74045906
37.65831994,-8.247844477
-40.67860786,-13.13510386
-33.25621588,3.653836944
-36.10858858,6.93031756
-57.37827731,-18.42387704
-12.84249081,18.21824252
-15.29103943,19.61901484
-18.09363819,3.30911525
-45.20808638,11.454769
56.45732956,-4.253590947
-17.14820173,-19.22660028
39.81305251,2.741581346
44.79139339,-3.298273488
-22.2873849,-4.054960915
2.762510584,4.25075715
69.22576302,-2.680264721
54.589819,1.61894453
28.12906397,0.51547059
7.38850745,-21.82306132
-25.13970553,-5.744608632
-7.324454874,9.372684277
-77.69858202,-10.77742673
-49.61917045,-19.54786201
-13.55131269,5.575270521
82.46734344,-8.536300138
-45.57413844,4.253437834
-11.87867201,-5.22121988
-3.93405303,-14.57853357
-21.21087366,-8.813382991
36.66845143,3.793540366
-48.40130691,2.567361116
19.22946883,-19.64216271
67.51264266,0.805712049
-12.99875517,-19.12901226
35.45208922,-3.70347727
70.34244297,-5.686472171
-77.83227758,0.676535942
35.44525809,-3.700281156
30.56548065,3.186856957
24.49793517,-6.48573452
14.04181529,-9.465450407
-16.32121028,-11.61358439
-15.63998695,-10.38021148
-32.8738651,-11.94413151
18.68699073,-15.42864283
-10.64071666,3.723693846
39.19162213,-5.821917857
-14.99187906,-12.34166168
-9.292508415,-18.01886065
-89.29622555,-13.93081213
-29.40875791,-12.21954311
-88.99949677,-0.284061939
43.04604628,-0.670009025
5.47812139,0.441427449
13.04821317,6.670883036
-45.42071586,4.21361447
13.68648928,-10.79230421
-1.930290512,-10.85219161
-6.052277457,-10.94049186
34.57003012,0.117966634
13.63503179,-6.653293455
-31.67945302,-19.0760492
-1.628772209,-4.517926776
-27.93044679,0.728971287
-55.6860273,7.633612272
19.47694762,-20.60479981
-59.47504813,-12.14727355
20.37182231,-4.808169214
24.13987808,-11.92849495
44.91664459,-5.107710604
19.92756504,-4.682809853
30.54627933,-13.20460341
-15.30958312,8.209494857
39.80145047,-7.802361161
-18.46186026,8.376120645
8.698410045,-3.880450704
-37.85718022,6.361294887
-42.22039018,7.232567891
44.82660846,3.994649007
4.140037226,-12.00006438
-8.110325792,-4.13780456
15.76707613,-26.68469236
-6.770847864,-5.735596722
-34.94085932,29.05937949
-17.36619199,3.659451952
55.48341639,-4.503129148
-94.59179875,-32.91410079
9.044036918,2.451789395
-95.04313019,-20.5107511
-6.757479322,9.746473479
-53.57226017,10.41984658
-3.670981745,8.715392756
46.71180813,-2.766698274
71.11824157,2.854199417
22.04642269,-3.334680979
15.40723779,-13.3760266
20.36382681,-16.22781369
-19.58456334,7.29357367
26.97413841,8.481824769
-41.12544493,13.88681825
-26.99414972,0.133139974
-32.60133592,-21.10444917
-203.1850265,-39.59893674
-8.609769027,-1.312849526
26.86944357,-13.39841738
-2.685598741,-15.26054947
-24.24086075,8.258126762
-20.29432033,-19.04815088
17.66394489,8.067349722
-85.28516649,-17.0065438
6.063546534,-2.402246354
37.99842297,-6.000909583
36.72628183,-13.50091711
20.074304,1.684527786
-48.26140267,17.12344226
51.07411666,-3.626263907
-12.47476687,15.44717075
-30.6683955,6.312415352
33.34116578,-0.090405647
-1.123813095,-15.49511952
37.91283292,6.307051434
33.80730485,10.30783953
64.40629285,-3.109465057
47.85251639,0.639496271
-47.8603797,-14.00172931
-41.81329534,-13.35756105
65.92790512,-8.875970082
44.67672188,8.132527456
33.60361582,-0.166230188
81.2618606,-7.8199722
14.12931137,-2.146851718
57.76914333,9.641354011
25.73985008,-9.570911985
1.099269188,21.457896
-18.46828205,-25.80645426
-92.3479438,-11.01781834
25.67208717,-17.70716475
-27.48009877,1.143078208
-75.96594205,-6.533602351
13.95168359,-8.535749444
30.80114901,6.319182565
-7.110153967,-7.972991387
23.76986198,1.356240821
-9.242361399,-0.229340757
-4.496740126,1.991336142
28.56804272,1.801765581
44.24224224,0.949854747
66.62469124,-3.561718914
6.168659206,-21.1438599
48.19284626,1.984472078
11.18997012,4.356104546
27.96236832,1.438174027
-7.487884052,-2.888526081
-14.14205074,-7.963771409
67.96859829,3.023841889
37.48545786,0.892653229
-52.84078516,4.340379734
-101.6958316,15.92849015
-18.11115572,-8.97318251
-6.127916674,-14.11197371
-23.03229436,-28.08988733
-32.05151581,-25.37766413
-39.51128332,-10.62172284
9.572464278,-16.72744449
-0.935407275,0.823048852
14.83669511,-18.75222754
14.86743389,-7.353924304
-16.88301852,14.00270789
1.356185266,0.34058702
32.45826961,-3.586770236
-22.51821431,-8.984855329
44.89834273,-7.444041926
12.47594303,-14.17685325
-23.33373613,-12.49446118
3.011410601,1.862110042
15.45294945,9.386549033
-16.66718731,-14.71020114
-33.33652762,0.478176243
-27.41203262,-10.27753594
-45.23357482,13.77481987
-48.20823033,17.10344849
9.815344699,13.29136558
-14.31655472,3.519568739
51.56870532,-5.584440211
-19.0672723,-31.15231472
49.40668216,-1.930081624
-3.002772701,-26.57309859
-48.62035736,0.301987792
-24.85485867,-4.396033749
-14.3643237,0.32119712
-42.94692966,-5.390780619
-34.56223168,5.269765604
-37.28729955,7.648105126
-87.78125211,-23.78859293
-1.878054184,-7.650152358
41.03346106,-8.485422678
-49.75788333,-3.11494263
-97.6837911,-14.96581673
35.34862516,8.604967277
-39.76720018,5.831145863
-36.57965205,2.454118041
4.233968687,1.129295469
11.95910528,-8.158631615
5.457543565,0.420199965
-71.34422023,3.474238527
7.089966722,-13.56292975
79.88982539,-3.009230652
-25.15681612,7.974951233
-21.15446742,13.09339507
-24.80442193,-22.25095463
-14.28812956,-3.819679251
-34.33901415,3.418051351
27.7260284,13.77403988
-22.41738851,9.70637381
29.85785584,1.08623853
48.18377911,-12.61481679
-42.90440071,1.018938166
-66.40037883,4.76359526
47.35774291,2.562489589
-13.81615805,6.542029074
62.16019472,1.440415523
73.28762822,2.414748983
-79.02658395,11.87822457
-9.67866441,9.851211749
-11.17296473,11.51668617
41.10016073,2.032730488
33.94910369,-5.251189032
-12.9792588,-0.453288865
-69.07337029,-14.7952082
20.59890545,8.856631007
-19.49028546,22.75869889
-32.89691164,3.558714122
-70.82527366,12.96033269
30.46593132,-4.058435157
13.78356621,-3.484981036
14.09028492,-6.249773327
-58.74961016,-0.410348959
12.87098541,-5.55793322
-24.23257893,-27.39984665
-6.845309017,3.379383157
7.715880652,-15.50436438
-21.1595297,-6.504595368
-1.822357899,0.486174013
17.30103206,-20.18340513
2.80079357,10.10559433
60.52146031,-4.133017703
7.987872698,9.54782687
-10.33267941,11.82571782
20.90305896,4.660761247
-19.67180787,11.40545589
-32.16625467,15.27272448
50.42984833,17.93679785
5.008556612,8.770248697
-32.803394,-33.86235216
18.96757473,-7.271966588
-12.05788499,3.930248797
-55.95248557,4.49894267
25.1080002,-22.18747041
28.3780006,-5.452614166
-34.69164081,-15.73137325
-66.88824744,-28.4073286
-21.68137212,-10.11583308
-70.20958541,-15.88899305
22.64454255,36.24411227
-97.10314889,70.20674412
14.35419609,19.66895127
-78.2643915,56.36888786
-48.27973555,13.92667332
-30.15847905,-2.919633419
49.09154273,-0.948888033
-15.96895922,-12.60859012
42.85144112,3.489869504
-12.22031263,0.772560708
-72.93797226,-13.53022905
-46.59055615,11.30333132
40.81938106,-0.228718735
2.054241524,-21.22370286
-41.09889686,-27.63981025
-75.32110377,-8.936911256
-67.44374117,0.421793151
10.71610808,3.939221399
43.75969427,23.34837498
71.18866839,10.13449463
12.43112703,-18.24111232
8.689599385,-3.855757731
46.75869555,-2.797502483
-87.66399878,2.186056036
12.66046029,-15.11760618
16.72523114,-0.411160023
39.5265409,-10.92557868
-7.415476109,2.097725744
-45.8557363,-2.952541572
-66.15241887,-10.36870187
2.30558074,-10.80232253
-87.9496192,-18.76405624
-50.388615,-8.466858598
-40.2630763,25.58192664
-4.978695789,-7.478715495
31.72547517,-1.579663856
-65.67705323,-5.41183721
58.3345667,-15.09928888
85.38302401,-7.762367648
-50.86429391,-5.643855803
-13.84925163,2.49594454
48.22878131,1.970945073
-144.6399876,-21.10563649
-47.9977744,-27.65963114
-52.81266844,-28.98060276
-7.048913593,0.211416011
34.68910349,-12.21777867
63.27742204,8.085503784
-27.83841383,14.41294115
-46.82456904,-24.25195131
-43.933631,-23.46061806
37.64936068,-18.75250196
54.23190439,7.600243357
7.392193187,0.964825594
-17.4395926,-7.72671735
0.466742149,7.357434197
-0.759882952,8.058059943
-117.0181788,-7.914106343
-57.62676421,-22.99285824
-75.79492066,-30.71785795
40.72872387,-11.57962864
45.16862812,3.005652494
62.94619345,-1.447831419
37.15530311,-9.557483275
33.74085705,-8.418618189
-72.289728,18.7005107
16.15841491,-12.18176937
10.26305091,-9.676051314
-55.39768164,9.87105148
39.0919878,-1.686811951
30.33744207,-4.048764352
-76.71912343,-11.39994117
28.54242276,-4.621373344
-78.54666929,-26.55504209
-72.79259725,-3.945751508
-76.17297387,-5.133020058
-53.94395855,-21.88632708
33.37497124,-3.320122473
-78.52615825,-26.56157556
-67.27364056,-7.819852018
40.61863021,0.71361141
-76.30962236,12.73411633
21.59609501,-6.382764166
-63.60481462,1.492017983
-68.41235547,-25.83874769
24.3233571,-11.98777715
-32.54024895,-12.04517147
-98.71656445,9.373414291
-62.66098226,9.951749143
-42.37029354,4.071626326
-65.29350546,8.197478233
-96.21368395,2.980462232
-115.5594951,-17.77135891
-3.566892517,-27.83649534
-42.73282048,-17.73293189
-12.03193021,-4.27971821
6.491355651,3.00172011
-24.71614954,7.845434356
-23.69005775,-29.3097274
-61.10781077,-19.51999685
-80.47655166,-16.84578691
-71.45796102,-13.85628744
-71.32190362,-14.3399015
7.613428259,-12.27022781
26.76242346,-9.281081983
-48.882396,13.56199748
-20.07173436,-2.183776834
1.355113523,0.344218723
-3.72713978,-0.001864018
-68.01084351,5.578214362
-58.11098966,-3.268073674
-18.45119368,-3.893188081
-8.872587972,-6.209797381
70.2386073,-5.659536396
69.01640629,-4.961310377
-45.85334047,-10.25635224
12.91229917,3.502562317
-27.97658271,11.24517814
-25.51649732,9.841766795
11.15421134,-5.261598107
60.60556527,7.2307054
20.27032391,-0.70181181
-36.93275468,-11.18797068
-32.3123904,-21.16391948
44.58362,-11.4398278
-1.127044529,-15.49509297
57.16946047,-3.02406624
23.86191144,-10.0850213
-14.69380116,13.56310439
-81.12548157,1.778811829
-1.457842957,-17.73483808
26.95599311,-6.13524676
-77.56336932,-16.50185585
-66.54590496,1.603455893
-57.1969246,5.206273679
-71.29572084,7.55641422
13.89783059,6.084313231
17.48147359,-5.605708279
-35.3298603,-12.30516525
32.43049371,-15.86528083
-65.14862344,-3.242636556
1.886719803,-14.76320468
-19.58766963,4.979817262
45.24019631,-10.19453601
4.256916944,-1.526989148
-36.99381571,-7.929574971
-52.92953307,-10.23514354
24.0364462,-18.34296247
-40.34949049,8.644351789
-55.65179083,-12.85594135
-79.53830478,7.387500886
-2.910515076,0.315661732
-42.21719444,-0.945973156
7.326529547,-15.41478885
-66.39127349,-6.635424052
-83.90683509,11.47098694
71.81694275,4.076902664
-1.537128585,-23.2533605
-10.07067123,-3.728696061
101.9585783,7.199681543
-31.00181482,-10.52150555
-90.74364841,2.337216108
-84.46874593,10.19573666
-34.04034782,-16.24889605
-0.555924436,-0.175347423
-23.21426472,-9.316423818
-36.92192073,-3.870196798
29.90994545,1.937202851
29.46865132,-0.249157541
-18.01207367,-13.98196983
-30.45283073,14.45030396
-32.28693906,-36.69812053
-16.34458723,14.42135032
45.06480249,-4.26690607
-20.2577223,-19.96064237
30.93321298,-11.86114465
-3.447120099,-5.954712775
29.38495022,-7.524553174
-38.37726971,-11.30170171
-23.90002154,-22.40332473
21.49668175,-1.388199976
-16.06348193,-23.08262439
-34.14548977,-18.54051997
11.00442323,-5.213849315
-76.3590775,7.207463597
-53.6805497,2.267801111
33.04969437,-18.6990041
-15.618223,24.71349739
-20.52943423,27.51644095
-36.94774754,9.846866748
5.126018066,-17.2790716
39.4368241,-14.08221738
5.511106513,2.744530847
-19.92630116,-12.73612085
-105.8073056,-3.763222919
60.06019984,-2.228515425
4.154516372,5.269123342
-73.90072262,5.800521965
4.621947483,-8.932100751
56.93382108,9.332076745
85.02211629,-2.671874843
-44.97651313,-16.38917711
-25.21379198,29.35634847
-56.54728999,36.55124005
-96.99411723,14.071849
-73.79879486,8.981752455
29.57895584,18.45496903
26.5576382,21.75813403
-36.32510924,-8.470793101
-28.69894808,-24.16339849
51.92839782,-6.549097287
-13.36727262,-14.05855929
1.510370872,13.14047135
-11.48422958,-14.3789824
-5.563031124,-4.662107846
-13.38804103,11.09951184
35.22723808,-14.1048105
-24.03523635,-24.24523129
-66.22474211,-25.40387655
16.08795189,26.14613179
-52.59218268,9.800577196
1.029082479,16.8293233
-54.13232448,15.5862467
28.72464761,9.947471147
113.625682,-1.066145543
-15.50851817,-17.72081324
-65.70226086,-5.414688305
-74.02825875,-1.459641252
-40.97236519,-1.65356666
-85.76595543,3.612829731
-1.327537248,-6.377242746
59.20480898,0.690387082
4.363120727,13.94976138
7.518298139,15.54679386
-11.30305075,-7.14578804
-8.55260231,3.322326636
-35.01236297,46.35416219
1.079327625,1.299435868
8.00354768,6.306880289
-80.81499663,-14.69319762
-67.1429417,19.94560854
30.53433937,-4.099377461
35.75632855,10.82640147
-54.34942283,12.42839519
-37.0491427,-4.72656672
-50.15293978,-21.72194642
50.93841379,4.599346098
30.38317141,15.5318679
51.22918406,15.00324384
48.51511385,5.989162241
-25.75505718,14.04470899
50.06135595,-7.997235349
-10.380517,-14.1809381
-45.01469141,9.630765679
22.55593303,9.35696164
70.84876605,-7.575751873
7.942068876,10.42586402
-5.370645201,-7.364123622
-26.0629488,1.271511933
-5.753032149,-11.91407823
52.68076839,24.78199151
-13.29351069,6.953676838
-170.5732095,-4.109445237
-73.80987548,17.1758397
-63.22328897,8.678321641
3.913536745,17.62421611
-28.24331697,23.63631558
64.21091615,9.247901111
-18.16554157,-4.86370097
-42.00250893,-0.12476375
23.54246453,17.80375187
54.82134174,-5.767510484
44.24808562,13.27132087
19.78281447,-15.17581943
-5.208939833,1.685895821
9.867607446,-11.83318307
20.45290696,-8.944518378
-43.00037534,-1.274349205
-5.208928914,1.685961464
13.32971035,15.33669999
117.1260463,0.972991874
19.73847396,-6.953783947
19.73848322,-6.953731617
43.34720758,9.747603503
-11.40622549,-6.2016123
-2.661666464,-15.28326516
27.71490748,1.481803675
13.25217055,21.24024288
-14.52311526,7.653294982
6.267528383,-18.82528049
9.058585662,2.465401352
39.77184984,3.6358424
-53.62601095,7.232492796
15.18813423,-5.152290409
30.30542741,-0.814530643
-23.60543322,-22.04472753
-3.55722601,-8.251658164
17.81561357,-4.244400101
-43.93584978,-10.61619744
37.19093327,-9.538266812
68.14020996,-2.002298985
1.446644659,9.058239161
-70.20199756,15.09193404
-68.18202432,11.49567598
-75.71192858,4.348139975
-55.52504207,6.694916954
-53.63005011,17.73687521
-14.32044624,-14.30571636
-46.41457717,-0.135593165
-55.35138531,9.853225788
-43.24136233,-0.319055939
-12.10466912,21.77500035
70.40366213,1.629200002
-26.73080402,11.44158256
45.20859804,6.211910354
-29.53657727,-21.26640093
35.7228929,6.740335621
9.666381011,-3.600157244
-22.8073631,22.11456521
48.03501635,-0.28208645
16.07242891,3.33981378
-86.76209637,29.37539668
59.17708316,4.782583197
-52.49049535,-8.05311124
-33.21130006,-14.18522496
8.045654432,-20.60691725
-7.766969614,13.60064222
42.08598982,5.473145383
8.571944659,-8.801651944
38.54800832,0.256138838
-12.82115155,16.44839253
-30.34171963,6.195937402
95.78805419,-0.694773915
41.11727713,-5.270570485
-6.804696316,7.445625948
6.132146776,15.39721893
-47.4479979,50.22668825
27.57017695,10.63141802
4.479131398,-19.38716253
70.23068911,-1.515180889
113.35654,-0.101671208
-102.2595474,-15.45081782
-101.1839361,-20.20879028
43.26548992,-5.718706531
37.18509382,-6.326692484
-3.926008596,-11.35790012
-7.785154945,-12.41152445
-20.21054888,11.02047472
-17.55749511,-32.82155719
25.92046408,-25.0708892
-20.39506736,18.37425104
23.01874294,-12.12346884
40.60520088,12.13666675
-86.33151794,-29.52930926
2.050151284,1.582133434
-1.688228098,3.727107105
46.13719482,-0.815393618
5.271173615,3.72179519
1.920816612,0.743786069
28.32856117,-3.666453017
31.31803297,15.80885811
27.8191319,-24.51796733
-17.5907877,-31.09508691
-70.37581778,-22.25792103
-70.40088684,-22.24993567
-19.75104693,-4.928241073
71.64134695,-8.148201525
-38.99724626,-4.360104641
-41.18751814,-3.923246893
-56.86825135,11.52692948
-48.72652192,4.432145313
28.25301805,11.88324981
-14.03175853,-1.565492726
57.43273895,-4.87422671
22.82373003,5.189201439
9.356928292,12.90016187
63.2111042,-10.59207527
41.4500607,-8.018832788
13.61715774,4.736526826
-15.17005439,13.7069378
-18.22370284,13.84805124
-51.69856348,11.85115536
-12.43071019,-13.7463231
39.38660922,-2.665962319
12.21403855,-9.118765031
29.46729891,-0.248785118
69.56716507,-2.752948759
68.32099806,-2.065628741
13.88202746,-7.626609489
-19.5789031,30.10162317
6.507590573,30.7975931
13.08885085,18.05504154
-101.8908471,-20.53529407
-9.857484137,-12.8776434
82.77908199,5.106743809
-38.0391383,7.302839223
-24.39606748,-0.432574398
-61.24802624,1.001252246
-5.280171011,17.18219782
-31.01971591,-12.26662506
-9.268174453,22.58559592
-46.04908176,-16.62450088
67.87414421,-4.255083378
27.82309627,-5.833671666
15.46990208,20.79566339
-16.34878864,-4.295798361
58.88566169,-5.648868749
46.94476863,11.78249697
46.82826111,0.414030561
42.69916943,-6.975889618
46.91480354,0.380651304
48.57911657,1.872560652
41.6456227,0.073831653
53.30592378,-4.963013879
48.26052244,18.36539059
-11.62012368,17.52104054
-66.93780956,-31.60427854
-4.534082755,19.81868103
53.38198578,-1.791841375
-16.47906616,-2.483748854
33.79310399,14.40665054
36.46593226,3.861279401
-8.435145272,9.160568183
9.70883271,-3.578078229
38.76458471,14.80296564
20.13158342,18.94030898
-14.48874208,28.11681551
51.74899219,-9.674291694
63.41217926,0.752162307
22.13548991,3.9602814
19.25903687,-8.223230822
13.54992632,-13.93789111
30.82968548,-1.843703913
55.41053891,-0.39547756
-37.98159147,49.7242264
40.09462969,14.07539144
5.574048757,41.93618926
-4.029733337,22.0103981
-34.4343558,32.12195463
-0.572407154,-0.151969113
50.53645096,2.409592364
73.91947122,6.86531175
40.99910071,14.33814411
11.18392791,5.244692148
59.27490427,-3.418125664
23.6121069,1.428623657
51.07872966,2.806448847
39.54828808,-6.815004355
54.32380941,3.477140049
116.2425983,0.663684754
8.481096377,-11.96265165
-8.340394174,27.86506975
-11.67393045,2.044935683
-101.8903109,5.465518198
-28.16679798,44.09843577
70.32065692,5.75396954
-37.12986189,-25.72024004
-79.78185897,-14.45070897
59.91234996,5.975853071
-18.99428147,19.96216479
38.42975304,12.56164204
43.47725521,12.93689159
56.75238855,6.183124093
21.27115569,10.96655508
-20.21588758,-0.382174461
-50.50903294,11.16544967
65.51610809,4.428832304
65.25313779,5.393270837
-35.38056648,4.966559176
-18.09369573,-1.667950664
-63.03923958,-2.792266278
57.80715148,2.312577691
3.232845899,23.71605814
21.0821634,-3.564921239
75.0109169,-0.190222666
17.5835817,8.096268917
49.06902976,-9.119147074
-60.19720931,-24.76202483
-2.125482965,8.836045435
4.379390624,7.520439041
17.04336312,9.130603478
-65.17307788,15.45895224
81.35518429,-0.535862361
-5.458510697,9.051230383
-21.31884562,41.82088775
-62.00095808,18.5069328
75.15117409,-4.338126684
55.08297063,-18.11968364
73.22403013,-4.864649931
35.98521902,16.27614982
5.09665186,16.04612001
30.64044498,-13.21244184
-38.30687996,4.177568533
-13.12995199,0.544987985
31.10241737,0.397123265
-48.46064192,7.560134315
-0.398398789,-5.219630812
35.4060631,-18.30600346
39.80439202,-7.788138661
34.17930418,-17.60632549
58.87170978,5.771695365
15.52633336,-2.912876584
49.3173949,14.48606002
41.33487546,13.35772681
47.90085485,3.867772705
20.40943345,12.11078818
23.57903131,1.422087983
46.80532663,-8.670234458
22.60361075,9.362578473
8.286252545,5.355239492
18.78843195,1.009285133
18.59720768,3.350777295
-14.64507045,13.55677915
63.91752114,-1.185370114
31.0392265,-17.4406471
9.928039964,-1.339100953
22.20092822,21.73958772
-33.14963882,28.19211227
12.83125512,2.672988909
3.082128241,11.44810381
12.55890837,7.735684484
24.43458278,2.623154362
39.81153881,5.932755818
-71.5664491,-25.66099915
-44.55036833,1.326143105
113.194597,-0.919833924
22.77723707,0.227314672
24.72262409,0.748090602
37.67982964,-8.238609562
-55.13172501,25.29822537
-45.27608451,11.52130874
-16.89858467,5.84928281
8.2859148,-3.720746446
15.95192372,11.58386451
26.28610166,4.048302145
-19.82273594,-5.458979212
28.99658443,-9.697522202
27.83270229,-1.736981817
-19.18690136,-0.108709815
-39.36462645,8.973446592
-85.27730924,-7.377232538
-76.48653596,-25.63259274
32.37596959,3.76777247
44.31667691,5.93438966
30.44917936,9.65026384
73.06609978,-3.369538163
37.41624405,-11.36742702
-3.552914336,21.87659963
16.10585011,2.459633237
96.04647684,-6.635773348
55.09563386,-14.9163443
7.01264829,-9.453771202
-22.98365554,28.92595952
23.09408807,-12.1747238
-14.9704951,5.472757341
2.893461424,-13.62321548
-1.597344985,-13.57622339
13.00580982,1.717719522
49.01472718,-7.332301433
-50.13117716,1.977906443
-18.50968058,-3.874379563
51.51744566,9.966821698
-47.44462853,-22.2871283
-37.92354854,12.81862367
30.06990765,16.51726426
-63.28359188,7.813084016
0.622588094,24.26485745
-41.05909273,12.98685951
19.66347209,16.73837945
-1.698305506,-20.85570481
40.50288488,-3.332231306
23.50616481,9.646162297
-30.33025347,-1.085955778
5.758047379,-0.527415363
-63.37972571,-2.681169354
-156.9391037,64.28946062
-47.93215889,31.66402644
36.33512427,0.662958801
69.2453059,-9.958281644
20.38008756,6.604772533
87.07565546,-6.24150069
24.50657998,-1.501378756
-73.33274466,-0.233841716
79.6903285,9.324109762
-43.49129381,12.05958697
27.47015272,2.481669471
-55.49363039,28.5936115
11.13831971,23.08281792
-2.834338157,-7.03258193
27.27386657,0.218522024
66.61369587,-11.71967107
56.95916458,0.261515454
-40.55270523,51.12263459
11.38115351,16.60533346
-2.206111749,-6.657982565
51.74991645,1.711462911
24.3883894,-4.708451782
44.64628616,12.25068771
18.65519832,-21.76816434
40.7244451,-14.7851647
43.57176157,4.745471569
57.73155688,13.73766068
50.11687441,2.502905427
-62.44020046,-13.78728694
65.24413904,-5.994126315
50.53193451,-1.684200365
-51.22816442,13.16079941
-12.290985,-10.60425764
17.36524985,9.932937882
123.3148028,0.627423238
38.34016433,-6.113863181
5.574795559,-3.677660138
5.504475846,10.96556418
25.70182355,5.994727956
7.007435962,24.76977195
53.66988686,4.553987947
27.73494019,-9.902627583
11.041378,-12.5283178
-18.48576099,-14.39040287
-29.43985624,-12.21141306
-13.17973399,-5.358533011
-62.29630208,-21.14445312
29.63824256,-8.471683795
36.39418581,16.17199289
10.98562167,-8.4245596
13.67394749,-9.330786912
19.02500264,7.334272479
46.60632108,12.76067802
-12.3667147,9.037956996
120.6258624,-0.181342369
-71.14704793,-0.669238787
34.22829448,5.221255424
55.95126525,-10.49531014
-14.04151843,2.534083853
5.667121124,14.10534954
44.52484752,-13.73818282
37.08264698,6.017826688
14.33857403,5.982457345
-8.913079169,-7.611760953
-65.45705507,7.363739094
14.98445021,7.231067848
19.78327847,15.84699665
-85.25657788,-6.503509634
28.72159607,25.4514015
0.494330889,7.365799427
21.63398271,4.991511205
11.3754248,1.092538634
106.2108615,2.293556906
-2.474396121,-0.713652778
28.72173544,25.45237287
5.874842352,4.079126025
-18.95111312,5.340423354
53.42814039,-9.05698488
-155.2207709,-25.84823206
48.84720731,8.236655767
26.05084473,12.30765211
3.20555739,4.123856631
14.12785674,-3.042817853
21.37843609,10.06379519
8.159255177,-2.802817207
62.99712588,-12.84117361
-54.5729525,-30.43188488
14.69422824,0.894399453
2.216643474,7.982814192
18.24836156,6.145313852
56.67099479,2.122041356
25.13450497,-0.262746576
-16.58054492,24.43120746
51.44682782,2.677500848
20.67854892,4.741294209
11.61589018,7.467399269
11.12777208,5.288790707
-8.237637273,18.71766321
-18.61169924,4.36880899
40.98777842,-1.177995721
31.33151489,4.378067831
46.7790388,8.627634205
28.23435128,10.97462154
9.344409557,-9.908269676
63.94124039,-1.183714317
17.65131381,19.47579859
71.52120097,-6.370061847
10.15075577,10.00950142
11.82330434,10.5968719
-12.06729647,3.934568121
23.63205622,2.312045941
-12.05647039,11.24097574
54.03037883,-14.25168375
13.45006235,4.793775422
9.687383927,2.836037514
7.629842731,14.6294901
14.29348846,9.202279318
-10.35006346,8.65863572
39.18805507,9.706281684
-38.18271581,-11.35651095
-16.2143114,-11.61945951
41.18155382,-2.076286757
13.90189389,-7.628190003
-26.68066577,-3.180492986
-10.61150237,19.23018179
31.66525254,2.522343835
-20.94255328,12.14543098
9.369703917,-9.905355159
-28.40228328,25.44133591
65.84898868,-0.631058396
84.35248909,7.504341858
22.04259005,19.4733963
32.49346047,-19.08633154
43.20737663,13.9154668
63.37933588,0.742822649
67.71738402,-9.159924108
20.04967157,11.67581084
-18.9760712,17.65198246
49.51846472,13.5694588
11.11416611,6.160716363
-57.39811404,2.058761442
-66.64535572,5.721290513
15.92057191,11.58260695
-18.95690973,20.83009984
31.16520551,0.364806192
63.34043109,-12.38567732
46.02122199,-1.650435899
-0.114537621,-13.48857382
-6.0116976,7.782269275
-11.48429908,5.210257572
21.00979139,7.815012754
38.52721362,4.357068955
25.12543068,0.624828222
27.77088589,-9.002089641
25.54948056,14.22060019
53.19537589,-0.810980823
19.35042386,9.559466189
-4.522172338,10.19318767
-10.95258349,3.280593211
1.588647773,18.10360071
-42.38085457,18.69190882
32.1220361,4.73237731
35.41451571,11.83112751
-66.30081013,1.535288702
-55.23463609,-10.65835129
38.00572798,-1.011328724
-53.58657696,-17.34878482
43.4219191,12.96152382
-112.1900016,-4.823096751
-26.69938507,22.83473247
31.09409565,7.683419486
-17.06822212,-0.530744304
13.33308793,-5.674626978
-76.01512354,-13.37279348
25.25588595,-7.611242418
46.64935334,4.572302877
37.59113396,4.065310808
17.38313495,9.932291284
6.795291949,7.02071032
37.81751581,7.200431029
-14.53388181,-10.13232909
15.64854976,-10.24927165
0.670099661,-12.28493979
13.96361709,-11.71878524
9.809368575,10.97145848
-29.62758356,-8.059124819
32.16141972,12.01251587
14.43511143,9.145961708
13.47602188,8.880706238
-63.35746386,8.720202276
61.92531209,-9.005326461
65.71280007,3.508141931
-61.11249242,8.265930064
53.04631467,8.288363424
27.72026174,-9.02655815
-50.19078219,6.09019108
25.24895095,15.20631488
31.97296249,4.779769753
46.87038357,3.623662195
42.40573704,12.72587696
-5.994661642,4.576104392
40.43194729,8.993373378
-91.74988612,67.2640282
16.62155004,-11.75513145
39.7547116,10.96182186
-3.899167384,-3.138484925
-22.45274259,26.99061847
40.64029627,12.14455164
76.29278272,-0.918282027
-110.2760045,2.121397426
65.34981028,1.287491626
40.9899103,7.051384129
31.71649923,5.743002905
33.60372389,-0.139873902
-13.62245231,9.730813939
13.84646413,-2.077959054
60.47597334,-4.109181331
32.55435024,3.727018498
38.42743827,-10.23087645
25.43952774,-15.84733383
9.01591278,9.797106962
-46.23626594,15.30930287
71.27570405,-5.385748667
19.35148596,-12.35458441
24.2296097,7.642271031
-40.12691894,-0.46828026
-24.28894673,5.953540811
-11.60295599,-9.353653671
-10.31933516,4.53134423
51.70120974,1.71640665
-54.75574125,2.928025049
99.9070188,-2.366824439
40.97411849,-1.173697282
16.20201037,-12.16995713
32.22695869,7.902406896
-54.48819822,1.962203166
-56.75878103,14.71697406
-53.8904866,15.51654535
-21.21917296,2.599813177
37.05917841,1.019222752
3.38034105,7.269878753
42.57120336,24.06628979
55.64723645,9.177941198
49.20399167,9.568104796
6.28870974,-4.20589226
19.75433201,-3.70755609
-4.1457335,18.83069175
41.08944828,1.155981572
69.09454607,-4.955726525
67.08855918,21.44669851
61.41025971,7.543013551
26.53712694,3.091942929
23.90787868,1.348762959
-27.482918,11.11240546
20.04959613,2.59950205
-5.921123472,15.05727521
12.13261803,17.82743999
-3.487495088,21.83059087
4.07307818,4.390087471
-53.92970877,1.80249614
-8.143414992,19.60760192
-94.69418022,28.19862403
17.31096229,-1.441932228
7.502942103,18.75530311
-22.00925845,9.592573184
-42.17059062,-4.16741364
11.25184187,2.035597673
58.74619865,2.576610599
64.10242212,-7.079726129
24.19817494,6.782741141
22.70401303,8.449235057
44.37471962,12.34408108
21.29657038,5.983626905
-53.52975439,3.108491286
-50.55069707,-0.222560736
-3.072976943,7.65320278
-52.26982557,-4.894320049
-48.70612449,4.433506535
43.23361461,1.61624765
-1.000272958,-17.87793992
16.88182941,3.636432815
32.38724284,26.53612953
48.68391338,-13.64008442
23.27027438,-15.42014712
-60.36025819,12.69327491
28.38160243,-3.672155448
-9.552640318,-5.683253509
9.306959171,4.710329409
-24.77431383,15.17126712
-55.07580197,-18.89262678
-28.60852103,7.717723043
-74.01666735,-21.05640194
63.68656347,-0.212834265
-6.879127598,-6.601043209
56.07723473,8.166365961
34.55077494,-3.953022095
-21.94740994,7.783131505
19.18574528,-12.29202907
-21.68671215,6.819474549
-31.4437183,20.62775271
-23.11995219,4.373264399
18.02129958,11.1631638
50.89058645,8.729224493
47.81609935,-3.427187699
54.83494322,5.653517647
42.63664108,-3.748496678
26.06501553,-4.097274743
-92.12775426,6.30308609
30.2864184,8.265764494
26.51791786,3.077744983
44.31662593,-9.552909037
30.00831133,9.23728779
-92.13914929,6.306715797
2.566525234,25.67769379
-39.21789561,-11.58949614
38.11050383,8.558107771
4.741756468,-4.850967395
27.9968546,16.03726865
8.817663297,-20.28280062
49.56424951,1.262808695
28.0142694,12.83572997
51.16186223,7.744144595
-39.89541438,14.96234569
-12.56066196,17.26643955
18.6077269,-13.53905596
-14.56488862,30.46006595
31.19615327,14.95687533
-58.58826912,56.55034652
24.66287851,9.854553467
28.97423278,13.10207566
-37.1422317,7.591909204
26.76944077,13.53760743
-84.0464064,-3.106275229
44.9462548,3.984956038
9.042602391,-8.936782663
38.32248588,12.61279076
-51.90270766,-13.20799223
-41.89546829,-24.72367982
53.57072056,-1.806381485
-13.18766368,0.513866094
41.97735708,10.53001788
5.927989669,2.631091925
37.87679687,-5.050465788
52.86015492,-7.127714446
22.3112374,10.30825292
42.99757869,-7.953434427
55.07515365,4.677106047
61.46040418,-12.05881397
28.36786136,-3.683848176
3.726841861,-2.758928094
11.73132647,10.62802065
33.30244083,12.23104921
-3.656689155,25.99481544
-28.29295831,-0.022222285
0.984406533,-17.35828117
14.19710749,-1.267468718
-41.29528399,-16.16959189
46.38476818,-1.758491666
5.840165364,-4.642863892
21.00792103,-3.553310246
-13.42444146,-18.12411011
21.58583866,5.912569852
-48.66089799,19.03217697
-39.47115355,30.87951996
49.12032257,-0.049953724
20.99885609,0.537739107
76.99524045,-1.446269625
42.31715835,4.554081814
52.02262998,0.740727689
-39.20020353,16.20747784
33.35480769,12.23243947
8.559272931,-7.023602542
2.077580305,12.11223678
-84.81067853,45.38510096
-20.99533279,21.2456517
-44.6513451,8.631591271
3.690665587,6.312566688
10.69342247,-3.350314624
-16.50466155,26.72986624
88.22399943,7.67063603
5.080653908,-5.842326239
-42.01876512,-1.016411557
-44.03472312,2.580701195
55.02441332,-3.4874912
-3.190484379,15.00486217
45.05577164,7.133172296
33.07778665,1.769658913
3.937552638,20.83979513
57.46221272,7.4064057
39.05544948,2.422589171
11.65700959,11.52128779
-18.25259506,6.565410035
-24.4977641,7.794268786
-105.7521925,6.741100485
-105.7704245,6.746908016
-1.822094788,-11.73117898
17.22010292,18.14453441
24.65005429,11.28157449
44.92420351,26.75383653
15.77002281,-3.868788427
28.84232462,-10.52777825
107.4433729,-1.646924389
61.35057528,0.271440914
52.53725102,1.992447013
-25.59690562,0.265815983
55.3929796,-5.379058451
31.74651098,-20.28372835
59.15217505,0.694494828
43.86951214,7.818820487
109.4520457,2.069705641
52.52866548,-1.196067198
20.6178741,-5.793330671
25.2950983,3.779383493
-23.33365024,-6.06506095
15.67959634,8.438634472
20.82977797,-25.421174
62.51762829,-4.524878534
-5.089077078,-3.36046416
11.12049593,-13.41296647
65.24413465,-5.994160552
39.37993785,-9.986016545
30.38725761,15.53457753
-24.43579008,10.98632584
25.49469054,-7.127841417
28.79251558,9.934140848
-44.97391691,-19.59241797
-24.42183378,10.98391199
-24.43551134,10.98826859
28.49852229,10.01277778
12.60851621,8.594683154
23.11237328,27.02335119
-5.071422339,18.55788791
-38.30760471,20.59139842
-89.44253493,-9.78005885
47.87147901,10.2746295
-0.927943745,-6.494491095
1.970736971,-6.586190406
14.08930976,6.058483153
66.9758135,14.17237727
-28.86477012,-7.732684119
-14.95332841,2.252435317
47.0100507,7.659265803
-9.668711287,-10.62389543
23.59645074,2.296272779
47.21272339,-11.98191586
-57.39307767,16.65773838
23.64622647,-9.114911527
14.76881391,17.78475345
15.83139976,-3.321095122
-48.8225785,62.35753509
48.65818275,-10.41130425
-50.97296238,13.07836213
-47.98008497,9.743930992
-40.3773998,15.98138262
16.30744938,-9.893659972
11.46330002,2.507726686
-24.03189846,16.38711733
40.4506574,8.987818013
74.87265036,-3.366104907
13.03826603,-8.820609285
46.8924174,11.80689363
37.69201509,7.241049014
5.146410122,8.730518286
-19.77707292,16.44501173
5.548824227,-3.669450404
-5.634400171,14.08535286
68.52184301,-7.09744709
41.86424773,7.343317482
0.513790089,-4.931414405
11.2707187,2.028551778
22.35629375,-23.89552889
-55.65085305,1.760954593
32.09906298,-9.898386712
31.84537319,-9.810570827
9.07892734,-5.711778109
-49.3153636,-23.69799333
4.932094523,16.11106034
-12.92369257,2.769962385
9.306438602,1.537688138
18.60219414,16.55808138
-11.68952899,-12.56211293
65.47067892,-6.964704009
-13.59743242,21.12801206
-22.11143319,13.74988206
-21.36639044,21.34665257
61.64546693,-17.09157446
32.56376369,15.12300212
-24.26524034,20.55279958
42.25663738,5.4562366
63.48319893,8.034044846
45.47414847,2.071464115
26.85471608,-2.018826456
-29.43646407,-0.793928856
45.47428784,2.072435488
-29.15324049,-14.04018517
28.84221198,-8.255511187
35.06545336,-6.794017952
-56.16299358,31.02649459
13.99248997,6.088696738
13.81726705,7.899518413
15.10045919,2.215885006
-36.06561266,-18.19641294
36.44722428,14.38796545
-48.42770059,-7.033854608
-12.78100825,-1.359438644
27.31496173,-4.791786401
-15.10393376,22.78535061
-55.19934642,31.290272
40.71674387,8.009662485
-4.430909011,-12.64251406
0.844719866,-11.78418078
-39.22607157,-19.78850688
53.69004112,25.02621911
24.15340966,0.376602034
-51.26352434,13.15273106
-8.197608717,16.38176627
131.6901791,4.943980648
-27.02490686,15.6233482
-53.73841265,-4.135033941
41.13667608,10.16974964
-52.80539385,-29.86864021
-41.3733689,-17.57552819
21.57932171,-9.612964115
-65.6238715,1.876356833
-15.40689091,0.973925932
1.235286971,-6.939946264
4.826895861,-4.920450551
-15.270457,7.350948266
16.44848335,-1.734969507
21.25417664,-16.78900916
28.81293888,-5.55339081
63.67794874,3.014584676
17.30792155,-20.17443465
-51.8462738,10.14109755
-32.15075494,7.994253118
19.59538469,9.494499503
13.24462749,-3.340470476
61.38586863,15.76373539
51.81064093,-3.278308036
8.8624292,33.48752504
6.791246833,-15.77826053
-10.21531095,-8.690480384
13.18173665,13.95250321
-63.38546119,16.02915233
-0.392865255,12.60097052
-6.9409723,3.404809977
34.84283576,-16.34992658
-42.26359055,-21.95818808
-41.03710369,-22.65980363
8.723740687,-3.819408937
9.498126225,15.16191519
35.97904511,5.763480619
41.35434067,-2.143948221
100.23321,1.620623794
58.69486356,2.603270858
-53.67259736,10.45867235
-2.006128322,18.41397541
-0.155395551,-20.77351411
4.736048299,28.44594021
28.20431072,38.80534456
-113.9044101,-3.974627266
31.38820831,14.91584138
3.634865316,-5.078033365
35.27282614,12.74277633
39.73282105,6.880639691
24.33139816,2.626864294
42.70997027,-0.570014247
-61.25671808,1.009008957
-1.651569872,-6.265818635
42.33682172,-13.2591333
-50.47890338,13.91504859
-66.59636065,1.61735597
-67.29276501,0.385908795
-56.43422117,2.324536016
-60.62897615,-5.046486789
-0.959072007,18.64394326
-39.25826976,18.5327134
26.92348117,-6.113470687
40.81159374,9.405882874
50.06977268,-8.878524917
3.089191119,-13.68557636
-34.49484322,-23.95834251
92.55979309,-3.727006989
81.44930931,6.699720598
30.22183107,-11.31539547
30.65445013,-20.52260546
34.51345732,-19.46991913
-26.1612871,0.434482854
-14.77902297,-16.4968472
-10.60762352,-6.795604416
34.43141765,-8.011421462
7.673306446,-4.985570909
3.915034351,9.440466748
16.28262298,5.628872034
5.374779221,0.473226758
-6.496340712,16.10167072
-65.39313332,-13.66345612
-61.15976858,-3.118180359
33.20632784,4.942397066
53.57433581,-9.122986598
42.83212099,-11.09705322
38.77464963,-0.691935891
28.20143809,-4.476077756
8.349042728,-2.871507872
23.09028706,17.05633381
-8.275079556,12.30576962
23.6745024,5.465646171
31.61183782,14.83145289
54.32586175,3.475336117
-53.54607302,-8.267177798
27.12126215,8.434339173
33.07065119,20.49512815
-38.14102099,-9.03386384
31.00123922,-6.876504993
48.84174373,0.900836999
52.79209709,-3.058614319
14.637853,0.93256614
42.02167346,14.59828159
19.02260926,-4.055567448
24.96444984,12.09139668
-8.417898734,31.96493666
33.97668413,2.064326029
-1.992492153,12.00773454
-71.8114842,-1.919039259
-33.76953082,66.68336126
-53.03234308,50.88905596
42.62312794,-6.937643864
33.38625578,15.43490914
17.21964811,29.54172091
-58.85424652,63.92904843
-7.355470654,38.60926158
-61.49865171,12.46686347
-48.5426353,10.78653115
-58.78902525,-0.398866452
35.33047447,20.00395833
-3.363586227,19.15732214
41.92804379,-4.095374759
-37.86768513,13.67947039
72.17785829,9.505737265
22.84341974,13.92410809
9.943871354,-4.560875324
-5.376592992,-2.370224931
75.38307768,6.114414086
7.444679427,10.59533135
39.51987618,3.723901204
6.545585649,14.40436179
76.32702611,2.259825891
6.761836378,-12.53942088
63.90093785,-1.170096207
-41.68110781,-6.085660643
-43.56095047,26.68563514
21.42533387,25.51007409
130.9835864,3.715675418
75.77429682,-3.077302656
68.20786786,9.382977343
30.81628473,6.373610745
47.79211998,12.08997069
53.72953552,9.53108862
-3.343845316,9.518846089
-5.395325157,13.1394506
18.16118831,41.20580707
34.12683343,-2.086992988
30.81670284,6.376524864
-70.08699502,-4.526502599
24.61098973,2.582136427
31.17852519,1.260572981
8.059124788,-9.194329213
-37.80401189,1.379269834
32.38936593,-10.88590839
40.08370461,14.02968788
45.64309981,7.509941508
34.90053228,-9.057282111
-32.8575119,-16.93341459
37.73214865,-0.05051611
32.13482259,1.53174952
18.24823093,13.43196915
69.50335092,11.83839491
53.84157948,5.374670472
-49.55189367,2.360653272
33.038091,-10.49045146
-17.69072292,12.37120345
42.21133757,17.72719422
-24.17724918,5.928963542
-10.82448496,-1.757766187
-4.58171397,-4.386615417
32.6372138,-0.421918032
25.64584195,-2.194063468
-26.0998463,5.400926257
11.07706088,-1.110211793
-6.009698839,4.578881639
33.40341179,-0.098090437
-23.76727927,-5.053407186
45.90315058,11.53245689
12.22609906,13.66484159
-3.936699467,-14.54280523
53.72185464,-5.977281265
25.88052074,8.253909635
-26.28843414,12.74945906
-37.15356895,10.79483407
17.21876462,9.988084408
26.32479086,-15.54771802
-45.02933517,14.876637
38.3687985,-7.010093306
25.88079948,8.255852381
-60.60989272,-16.45080216
-52.91345262,-14.33755816
12.42048503,1.339506892
-7.655189768,5.377691564
42.96686056,-7.957109652
-3.547077545,25.96478617
12.66758304,3.610604862
23.89097213,-10.93677529
-54.19783827,-8.635585622
-55.16148123,-8.899361698
-3.158323315,19.09395024
-31.1129545,39.21725867
35.83809614,5.824530853
29.2304143,18.52900471
-93.087401,14.22151275
5.214480848,12.81331434
31.93036596,9.735015288
61.43977688,7.52449891
25.90328614,4.157136515
18.31419165,-28.09791504
-6.92471569,0.208492775
19.20677085,-5.013053581
18.53820816,-9.473821152
43.79062564,1.985419689
18.35591393,10.18207812
24.86137861,4.814011178
89.82057882,-1.303124051
-15.57588544,1.011799915
13.72964476,7.91934775
-38.35979659,11.50804759
-50.23564395,8.429440993
46.39880786,-17.28983275
-16.06558791,6.12114949
22.38745433,3.00641883
-50.23550458,8.430412366
52.11936416,-15.69881907
36.04777936,9.824683682
-18.10219694,12.94260033
-13.29455685,11.96125307
41.26149225,13.38978852
-33.76864272,-22.75335197
53.85083312,16.80042882
-1.288515995,-2.275043221
32.56900498,3.699323662
22.04335707,-14.73277251
24.86511251,-12.47518446
14.92494784,-8.268968015
-38.33289011,8.300422465
-39.4735202,-5.658594371
-39.29880178,-2.501611958
34.36490038,-18.51312459
-49.30032164,-0.043967095
-14.10830183,6.650599829
4.286989608,-8.849390697
-16.2156566,-6.112373709
14.4735378,18.76866401
38.78061535,7.477036348
41.90948877,-1.751282096
8.274150257,-7.807715993
25.61313718,10.10940939
68.684597,3.354998647
19.82951965,-2.882365555
4.742496187,10.61454782
53.67759479,2.250813817
26.78063018,4.468093556
-28.64681212,18.22904935
-24.44537075,-20.0080869
-1.235731498,19.62197601
-25.58096645,-0.629991223
62.35506174,4.597033502
-34.5126879,27.61393504
35.59687229,-15.16433312
58.23363857,-4.570875906
11.65738473,21.60549943
3.436304191,-0.945824611
32.02570259,-5.757695467
30.09827943,-6.286174867
46.53586898,4.603698175
14.14791255,27.94261649
25.14844499,25.29838318
-5.274692678,0.80305302
-45.06581967,-15.47494736
43.26492921,-3.372570747
67.49642446,-3.25825053
44.1082181,6.849173243
35.61685794,7.640119789
61.18295992,-2.910304549
9.61194644,3.722193968
-42.86512375,-2.200978111
56.77578589,1.18072071
28.63326119,-8.746907863
36.66207518,-5.291025752
39.42421911,4.64919939
7.14420668,-20.89615248
-1.365904584,-5.467929752
39.32509933,-0.314325602
-32.92251267,10.86666874
52.8529797,1.051978727
59.93041951,-2.185499368
14.59402722,5.003046996
-6.337081981,9.634842341
-15.60156802,6.579845483
29.0531288,16.27747461
-17.96301468,6.50830304
-50.39193731,-26.2691274
64.63258752,0.053305198
42.16432734,6.356126793
44.57139769,9.062904909
29.30882059,7.992315734
43.43652458,5.636907309
-20.09638216,-7.151439899
-1.260680382,-16.88984248
-5.89962846,-15.05312395
10.9244181,16.71329633
-15.6821154,3.367507145
-32.3515616,-10.66829815
65.88199781,-4.744260643
66.19213715,5.669083404
-11.80939683,6.185361436
-12.06781512,7.148292784
-79.22538213,-4.987006196
-94.0816511,2.585444069
71.18373542,1.974790856
11.60156687,-14.45911159
-69.59812329,-6.458673717
19.21484967,-5.885703711
48.74967166,4.166411893
7.282576596,-6.289096402
12.87770983,-11.93814521
70.15510907,-8.796859244
-10.29654681,15.91714266
-15.85603213,12.49609886
-1.087700468,8.178497257
0.268452239,22.0486092
-27.24508048,12.48778956
14.9383449,26.19996291
23.24765646,-21.2777411
57.90550703,21.02283682
-47.28550419,-42.8227336
-52.07264342,-20.43874148
-51.74301987,1.356900753
-53.90352712,12.30278414
-54.42051304,14.22769158
-29.53515873,-9.864956423
22.81935261,-17.62087921
23.5193676,-16.38754651
55.60635401,2.761775268
-19.91625757,-5.409760244
17.7030956,8.964121187
33.53466537,3.981663823
11.27758238,13.43186833
36.14770131,5.731806181
-25.07886495,-28.5522788
36.7356335,11.05668469
-48.45974814,18.08244315
-16.28646395,-14.82324134
-31.49634239,25.59804793
23.51077278,6.418644851
0.451609707,14.69151897
-71.1359434,28.54666114
14.39519773,0.078257802
71.9625277,-0.941485904
-26.53232483,-27.80382753
54.94008519,8.830325637
57.15966666,4.296870678
66.19593947,5.64112195
27.0218131,12.5795351
20.39148572,-4.800375825
34.73465096,-4.929473128
77.24560733,-0.646108235
-2.742501811,0.244082956
37.65512852,3.161502564
38.44275225,1.157226761
51.44584824,2.693558042
69.54812005,8.657382685
-11.18693532,-3.963008202
-9.43822569,26.70238749
36.95906809,2.8224498
53.09467211,4.177377034
22.98501956,8.367782968
-41.82819185,-19.76795489
-1.423501409,-2.2472242
-5.36611823,-7.3574879
27.47748726,14.74907776
50.79059701,-2.649173415
36.49199368,0.646200383
5.435940816,-7.738776576
-53.26067443,-17.44074651
-20.07687831,-28.19869149
73.80799538,-10.91581129
-79.12942819,12.79562062
25.49790559,-1.270507985
-40.11671705,-15.07559819
45.35713487,6.172742814
5.45235124,10.98129794
90.91950659,-5.189391956
50.73812331,4.688712767
-48.97061199,-10.08389639
-40.9446733,21.15328653
47.70760042,-6.599047441
-61.26007878,-18.56965803
10.39477824,-21.94827717
21.25531279,-20.01727858
48.20368904,6.976964792
49.99796636,-12.03578811
21.60903638,-6.397707006
19.90509353,-6.996398017
23.67842376,-7.689968934
57.43500657,7.3895566
44.89778395,15.39487325
3.552173935,13.63545134
-9.702275943,25.37064775
-15.41436585,31.07368059
66.04496136,6.150976724
17.69652543,14.45781461
18.2315957,12.52610798
44.53699517,-2.310080368
15.28474117,-5.172058399
24.92901802,-2.516043744
-23.82003426,-2.370137702
37.88255561,20.02897069
46.27510061,6.426704436
67.43159267,-6.431453898
23.84169387,-3.642633225
22.55416533,-13.44317543
14.77674604,8.177848739
15.3039214,6.249709015
26.0889524,-8.138273194
-9.846886005,6.714604435
20.97165558,-10.8324699
-27.56168483,-19.8308768
-21.69606928,-22.36921749
34.66911313,18.80290197
23.59962314,-9.076698247
-6.248517428,-9.95866072
-55.54660424,-5.580497603
-43.27808433,18.41009434
-67.71533145,4.609438518
21.26158552,12.40899958
21.75897836,-2.314887338
-44.64838842,-10.07126439
94.96862069,-5.090516101
3.984629731,14.95618528
15.32753785,-7.818266931
45.97549104,-0.762369402
21.49276518,-1.404049881
61.65676252,6.571707558
25.843792,0.070811696
-53.27662162,19.96751544
21.49330413,-9.571509852
18.8886644,-8.131150959
33.87961293,5.298780164
30.85926658,-14.12818399
-22.81088401,19.77857217
-25.25971719,21.17738345
-13.88628878,-17.10745095
-61.98804406,-27.10332466
22.98160693,4.269612709
24.48489747,-4.713983824
26.93219293,-6.996002427
-0.413537203,16.72019377
20.36617703,6.591870241
53.56336133,-5.032999576
20.68084264,-13.95986311
-9.19197608,22.56541452
33.68022682,7.132754386
53.7523712,-1.885681111
22.57315769,-6.11874518
21.96825917,4.027329152
46.14151725,-5.818226568
-6.61894916,22.01549884
-54.57026062,-4.431640313
-10.48674921,-10.91290147
12.66605953,15.86384419
7.814507052,3.156123895
33.45082067,19.49169192
-46.44614601,-0.121544531
-32.1758033,0.667745969
-5.826833878,-8.660557179
-45.47914838,0.140178023
-20.17122859,5.141447242
45.13569395,-8.385962448
-2.453473128,0.714881755
-4.491031343,2.894305128
31.05463527,-6.026153059
29.99865848,9.210736689
32.9111077,-5.48203989
-17.35073354,23.23610917
-17.59834431,22.40691889
-50.31512679,-5.274686265
67.42760741,-3.214266604
0.635322868,-0.851578787
-9.160400191,-6.680667733
-27.27705462,-8.534488028
-34.125844,4.270255207
-39.30452988,-10.66872184
-58.56305482,-0.442548608
-42.73407175,-2.234335845
-67.88568949,-0.879741247
26.16470531,8.179368291
15.16157556,-1.007786709
1.688597381,-2.417138283
17.1077375,5.918061801
-3.526373645,28.26025218
24.60943357,-12.92089432
28.50245305,1.829983496
26.44028941,-12.39894322
48.68181136,-6.365043938
27.55656966,-4.866040475
40.88178672,-0.218182661
-35.30501506,1.726837494
-48.28621839,-7.963734866
8.806949871,-16.17289757
59.92239406,13.3020295
17.57555592,-22.02602558
-5.121246752,-3.332479572
-11.13494087,-11.26217421
27.45770989,3.34913796
-47.49803849,3.736020494
-36.5586498,9.761338913
39.22117584,9.664415081
37.61682797,3.16446827
26.40014812,2.239844987
-30.23745301,-3.769712182
-73.06655267,16.61687608
-6.978387326,17.14223287
-12.47176592,22.77760164
-8.78752781,-2.141545257
-40.03902619,10.01199974
1.172834432,-4.559033125
-38.65328354,-5.319885365
-49.59089338,-7.242680794
-61.15060201,-3.113953014
-1.764766874,-3.558447081
59.73729283,-1.251515244
-61.15032327,-3.112010268
-43.20006551,-11.7136613
52.83325655,1.071309124
24.52738463,-2.399526825
-1.77431517,-9.447535286
-43.19986338,-11.7135569
14.81612154,-7.346378113
17.43353129,7.242035313
15.92142655,-0.707520237
15.48814836,-2.902508427
-62.74347146,-28.30688116
-27.16821262,-9.437463698
-30.19813977,17.14157844
-3.868093789,25.13381914
72.55331329,1.223354248
46.9361499,-7.793489834
-59.27510608,4.725318393
-18.26743224,-22.64145485
-25.26353209,-17.0938157
49.15765431,-8.248650116
-25.26332996,-17.0937113
1.970504831,17.09926047
17.26736028,-16.95121802
-5.033523758,-16.55099132
25.21955357,7.912828073
23.24508175,-4.874623118
26.47309033,3.139412203
40.30225155,-9.676719827
15.58558293,1.152422084
-16.85643367,12.25119937
2.443066971,-5.28835288
-48.35049291,-0.655504153
-39.10127738,7.96306756
-7.172690611,-20.21926622
-36.35567738,-8.457918134
12.28337474,-13.2047061
18.38417735,-2.109781334
-17.34549649,-10.97645214
29.18912606,0.749454702
23.62175813,2.306335591
-3.322930814,-3.671375498
-11.0217489,-4.002520005
-21.39500003,-0.558976722
41.93995829,7.308205802
36.02362984,9.855523516
45.71750332,12.4964384
60.17708533,5.045218876
58.48759303,-7.856401184
0.378947552,-11.32521928
7.628160813,17.84076042
25.88948089,9.159857375
31.70194183,10.73288185
-46.08184659,6.188559884
15.5717311,-14.33498658
8.653210016,23.65507148
-17.54821007,-2.691743429
35.70334783,-19.27378648
15.57200984,-14.33304383
67.15044243,-5.462077312
72.3740108,-2.84372528
49.39835507,10.37603158
16.65277601,-2.67682937
23.18180661,-3.977810334
46.55873974,-9.995399496
88.60704,5.806304449
-25.68620993,-11.99629825
51.75575063,13.08993243
-64.67361928,19.97393459
-19.02588066,20.85481624
33.47184946,-4.209275201
36.83957434,-5.300946909
-36.52730307,-8.972042747
-45.22689988,-5.787256899
-17.15568575,-7.809962706
32.97281944,5.059048893
3.05549208,-14.54339907
-27.85337442,8.019566943
35.28361694,12.73414586
66.81091889,-0.365361196
-2.455859195,40.79903107
41.56528781,-10.42021328
-9.238034428,-2.53040711
29.34536351,-3.392253386
40.98959724,2.939610064
-115.8264289,-38.26401755
14.70407854,19.57875467
70.21016477,-1.504631252
55.58556924,5.956922402
100.3361993,1.560470642
-41.53884011,-22.48145925
-94.76866927,-5.070193319
-55.0980053,-1.61978445
-23.33704966,39.5311022
-6.436329727,23.82810298
-68.42906078,-11.18553742
39.44383081,-6.794778498
-33.34381453,17.56812798
-31.8201103,19.54515808
15.83053937,4.31385522
10.9310436,9.433761467
31.25104115,8.53749024
-25.15281365,19.81023598
-21.70181511,22.3148209
49.46054761,-16.56590661
5.964625982,-9.668215571
80.04889079,-0.730172989
30.88363946,9.544494409
28.63815474,-4.615216222
63.83039303,-2.039476489
33.52141155,15.38809748
41.64400116,8.287201734
91.87046987,6.474934829
-48.74591291,3.572431089
39.01566751,-4.879741523
26.14129194,-3.226457921
35.79844486,-5.543612611
30.88377883,9.545465782
41.61185821,-0.79745041
0.213135599,-3.056242149
-77.28043923,6.053404594
10.26928341,-10.50598814
29.47457906,-5.221049482
30.77861713,2.286762717
69.59140064,-6.85559816
7.622177947,-4.947521206
19.42950001,-2.741487278
24.57800575,2.552263021
-18.78431836,-14.28025876
-35.03054926,-0.559191264
6.940556056,-16.69445037
15.6525955,-14.35916141
58.50670331,-7.847118285
37.48370483,0.917435759
40.56069048,4.868703453
38.00220027,6.284592996
32.72258338,13.3104803
6.857689835,-8.480699919
81.63102721,9.88174085
42.07335904,1.397155345
36.69019433,15.21330137
6.606896855,20.79779507
21.53529014,15.53338122
0.233473571,-3.067733302
-8.500526401,-2.219259529
-19.01692661,20.85105266
32.44698134,-14.95712199
-17.14144766,-16.85659193
6.299477397,-2.436895529
31.37938278,-4.68840917
1.544678613,-4.680124283
-31.57524023,-1.255336812
-106.1607189,-43.36853244
-24.6401183,-14.95383094
26.92004467,-7.873945837
10.46519851,-6.454122587
14.11749306,-2.155254673
26.40680446,-8.259249504
60.40412794,13.71013043
63.32667433,4.863533375
24.58441569,-8.868193983
17.75723711,15.34468775
-4.725219025,9.365254259
11.47051009,8.397339022
-9.967783351,2.656790369
41.95238906,14.61406307
29.2907242,-11.58279448
-37.61413647,-14.15616051
67.79833013,-4.211031359
91.36749287,-3.009418409
68.07182013,-5.194017769
62.382161,0.500898285
-11.96776923,10.33185677
-9.430793154,4.810793644
-25.68259628,-15.22367309
2.989973333,9.165995381
39.39259166,1.41717039
11.27007264,-9.341620766
2.990377599,9.166204171
-56.10328456,-17.37132201
17.34567096,5.844738398
42.19438491,6.335217829
6.084725846,1.719181039
15.75151759,-11.1502105
49.88698061,-7.014545087
-12.44793551,-33.36213787
-63.59049457,-1.697881001
39.85767444,-0.47883101
67.57883262,-3.264151277
7.435895919,10.59906179
35.1388277,5.471357225
-52.8551677,1.152464726
-2.736907721,13.99366988
18.71092339,-3.973314134
-39.21509427,-6.607084924
16.88421196,11.85583265
-39.21469,-6.606876133
-62.32304422,8.088363559
16.8844141,11.85593704
8.911753382,10.70062138
40.63638315,0.743670733
-60.77979198,-4.111677971
13.46573007,8.898175739
-23.47530754,8.071067748
50.5279827,2.39982277
35.11705275,9.58471526
-100.2012142,-22.27140828
58.05770469,-10.92865049
58.05784406,-10.92767911
19.71455102,19.98900613
-76.27252464,3.97009792
66.51770011,0.601202397
-16.84986484,16.34903718
-16.84946057,16.34924597
3.080556625,9.148615565
52.35906157,7.049771676
61.805154,-4.851822155
-12.1117359,-3.361426708
22.79566394,15.72304851
26.55189965,2.18774624
23.39328171,2.361316111
-81.16791679,-21.01115905
23.39348384,2.361420506
26.55210178,2.187850635
25.73910636,-16.81473995
-5.865311668,21.43316143
-38.41224701,24.70843988
31.46762146,10.79823717
-14.74066793,2.215453053
-8.682831518,21.52546845
7.092224947,8.360318263
-38.411564,24.71059142
6.88054675,-8.513637269
91.5636491,0.166700344
74.12142743,-0.482647906
15.76459108,8.428779296
-49.33595646,4.084465637
25.30403971,-5.299969379
-13.96739416,-21.17436338
-30.1338571,-4.691326127
-31.93516381,-18.10387511
24.78337065,0.749558525
55.71639577,-1.351575562
16.06490203,3.323777632
-36.58043805,16.17323371
-6.374207339,-2.640939722
52.17533985,15.29909903
-66.77431626,-1.536633185
25.89296333,4.164627044
28.07608565,-2.684901971
22.14454217,2.200230366
29.74475158,-1.218097457
-7.043098301,8.432738697
30.34886284,0.075425711
22.14482091,2.202173112
42.12000837,-5.033082328
58.79092867,-2.416015366
72.44834548,-6.062210192
3.994489304,13.51386399
3.810289163,-1.928108282
47.29233672,-4.6980279
39.65467962,2.791103633
4.388116619,3.419289513
-47.41838781,11.0183281
20.64127821,3.85204384
39.90763383,10.91482617
14.17285435,5.129296612
77.92337369,-10.82125238
36.04799886,-12.95630364
-7.627494172,16.80126075
10.74680807,15.35256044
67.96347979,14.43924157
79.14598574,-0.11204379
79.41352341,-1.077881809
1.384756356,6.785551178
19.23369042,3.194379651
67.96368192,14.43934597
-55.25140129,6.618745155
-1.553752909,6.875631426
3.891299443,2.140313592
-17.54955053,24.19042474
39.65246983,-7.717559608
-358.4536592,165.1415228
-2.050525942,26.59949747
44.97126582,2.198244199
-45.15644632,-14.00195998
-41.91669064,-18.29669144
-49.53802593,0.033456928
55.9617672,20.48910229
36.06553683,9.862398842
28.5431268,13.20509391
47.42773119,-1.526977549
24.60409513,9.88811851
-0.489690242,-8.379867447
6.159061999,12.18339672
17.28540345,16.36368287
61.471689,0.230202918
4.414222402,11.62806084
20.72465637,4.72662912
44.40333316,-5.468246324
1.1319192,-6.867463982
-41.74618214,-12.49911109
-31.24956759,26.96480737
-85.97884028,-10.93317989
78.37278665,2.796481677
12.85698845,-26.57096597
11.08851732,10.27119557
3.993066363,13.50407891
35.17047763,5.482485058
31.29073689,1.776849676
42.21666622,6.336890385
-1.062997338,0.855607803
-4.394700329,-2.124284515
8.735688403,5.756453526
-28.51917255,13.20547946
60.98741789,9.44000858
10.98264728,-1.060866563
20.18669487,-0.612128968
21.62234519,-5.481908499
10.8865814,-4.273255632
6.393526819,-10.63345318
-24.24649963,5.936844283
-23.97895529,4.970978184
-4.845859792,7.968524623
44.65986717,4.956407972
20.47126844,8.008737871
25.14888982,7.038500468
8.393694082,12.63521045
14.84458883,-7.328122224
23.42608521,13.76469796
76.65851165,-5.992825351
39.13931742,1.504136243
5.206305938,3.724205095
30.88190759,12.73820385
42.31410134,-14.17340038
-20.28007712,26.55220932
-7.765096985,-8.312816768
68.23236216,2.056014299
20.65695387,17.03611227
-46.46785814,16.26641207
28.11216883,-10.87342705
21.2052885,-11.78059107
-4.145996922,18.83651492
13.96598075,6.976267417
57.88561459,-1.779566847
10.65801673,-14.73316483
-26.58180794,-7.299994662
10.43219586,-10.55283233
-7.913185882,17.73656452
4.653287897,-4.838857569
49.29831743,14.49989018
48.73842715,0.080667222
2.23747138,-18.05497909
1.454308072,-15.17801075
1.273386311,-18.32374559
39.48265089,8.712524777
40.8832327,11.17718898
32.82451073,14.14120388
47.75874865,-4.304078984
-80.98925844,-2.323370294
24.13462107,-0.49999547
96.60218001,0.523315867
6.376980313,11.25075232
-52.50554203,49.8586959
39.84580972,26.42160836
-46.16337697,-0.185383274
-41.79704351,-8.346147522
47.99774541,-7.592728837
-13.46512674,1.512281805
34.32583638,27.112358
-31.19080739,24.62706327
-30.44615127,9.459135145
29.57376127,-15.75714742
62.17183087,1.46089068
59.6112972,2.892798259
-31.54489789,-17.66621938
24.4938512,-9.699967248
-43.18642222,6.978449019
21.05886244,-4.452311203
20.3536176,-5.679203687
39.05678243,-8.972134943
47.71892924,20.29660826
41.30879021,20.68976431
-6.781922112,-15.36186967
41.93136359,7.33409408
25.78849036,1.873636969
83.0436977,-10.44112717
10.94546236,10.31567856
61.0550802,-11.06424351
6.566834794,-4.300086342
41.92058914,-4.06502223
-44.5327089,3.628756496
15.38526071,2.129468083
16.90100848,-15.05457534
43.41034583,-5.778160953
19.89506971,4.418757849
59.45236999,-7.605363175
61.99739537,-13.12505594
-40.40029619,23.29290504
18.48491275,4.287502666
-20.53498482,4.723838779
-16.78731547,21.31942163
-44.26304418,22.24210505
-40.40009406,23.29300943
13.0084602,14.02199108
86.34823169,-7.458590718
9.236070145,5.599222383
18.48505212,4.288474039
38.66021836,0.221420501
15.05017975,7.197010441
26.05949149,0.883704814
46.65230599,1.353939887
-35.57484926,13.21104452
26.76116424,2.108524583
30.40176041,-7.242178322
41.44042954,-2.163320453
